Period	Subject	Opponent	P1	P2	R1	R2
1	4	6	0	0	3	0
1	1	15	0	0	3	0
1	5	12	0	0	1	1
1	7	10	0	0	1	1
1	2	18	0	0	3	0
1	8	11	0	0	0	3
1	3	19	0	0	1	1
1	9	20	0	0	3	0
1	13	17	0	0	3	0
1	14	16	0	0	1	1
2	3	6	1	0	1	1
2	4	11	3	3	3	0
2	2	15	3	0	3	0
2	1	17	3	0	0	3
2	5	13	1	3	3	0
2	10	12	1	1	3	0
2	9	14	3	1	3	0
2	7	20	1	0	3	0
2	8	19	0	1	3	0
2	16	18	1	0	1	1
3	1	5	3	4	3	0
3	2	9	6	6	0	3
3	5	6	4	1	0	3
3	4	8	6	3	3	0
3	11	3	3	2	0	3
3	3	13	2	3	0	3
3	7	14	4	1	1	1
3	10	16	4	2	3	0
3	18	13	1	3	1	1
3	12	20	1	0	3	0
3	15	19	0	1	0	3
3	17	19	3	1	0	3
4	2	5	6	4	1	1
4	3	4	2	9	1	1
4	1	10	6	7	0	3
4	6	8	4	3	1	1
4	7	9	5	9	1	1
4	11	15	3	0	0	3
4	12	14	4	2	3	0
4	17	15	3	0	3	0
4	16	20	2	0	1	1
4	18	19	2	4	0	3
5	1	9	6	10	3	0
5	2	10	7	10	1	1
5	4	15	10	3	3	0
5	18	4	2	10	3	0
5	9	12	10	7	0	3
5	7	16	6	3	1	1
5	8	17	4	6	1	1
5	6	20	5	1	3	0
5	11	14	3	2	1	1
5	13	14	7	2	3	0
6	4	5	13	5	3	0
6	3	8	6	5	0	3
6	1	14	9	3	3	0
6	7	12	7	10	0	3
6	2	20	8	1	3	0
6	6	15	8	3	3	0
6	5	19	5	10	3	0
6	10	13	11	10	0	3
6	9	16	10	4	0	3
6	18	8	5	5	0	3
6	11	20	4	1	0	3
6	17	18	7	5	1	1
7	1	7	12	7	1	1
7	6	7	11	7	1	1
7	2	12	11	13	3	0
7	3	16	6	7	1	1
7	17	3	8	6	3	0
7	11	17	4	8	3	0
7	10	19	11	10	1	1
7	13	20	13	1	1	1
8	2	7	14	8	1	1
8	4	10	16	12	3	0
8	5	11	8	7	3	0
8	6	10	12	12	3	0
8	1	20	13	4	3	0
8	9	13	10	14	3	0
8	8	15	11	3	0	3
8	12	16	13	8	0	3
8	14	19	3	11	1	1
8	18	15	6	3	3	0
9	5	8	11	11	0	3
9	2	16	15	11	3	0
9	3	15	7	6	0	3
9	1	18	16	9	3	0
9	4	14	19	4	1	1
9	11	7	7	9	3	0
9	6	14	15	4	0	3
9	17	5	11	11	0	3
9	12	13	13	14	0	3
9	9	19	13	12	3	0
10	1	2	19	18	1	1
10	3	5	7	11	0	3
10	4	12	20	13	3	0
10	8	9	14	16	0	3
10	7	13	10	17	3	0
10	10	11	12	10	1	1
10	6	16	15	11	3	0
10	18	6	9	15	0	3
10	14	17	7	11	0	3
10	19	20	12	5	3	0
11	4	2	23	19	3	0
11	1	12	20	13	3	0
11	6	9	18	19	3	0
11	2	19	19	15	1	1
11	3	18	7	9	3	0
11	11	9	11	19	3	0
11	10	15	13	9	0	3
11	8	20	14	5	3	0
11	13	16	17	11	1	1
11	17	20	14	5	1	1
12	2	13	20	18	3	0
12	1	16	23	12	3	0
12	3	14	10	8	0	3
12	8	10	17	13	1	1
12	5	15	17	12	1	1
12	18	5	9	17	3	0
12	4	20	26	5	1	1
12	11	12	14	13	1	1
12	7	19	13	16	0	3
12	9	17	19	15	1	1
13	4	7	27	13	3	0
13	11	2	15	23	3	0
13	3	10	10	14	1	1
13	1	13	26	18	3	0
13	6	12	24	14	0	3
13	7	15	13	13	3	0
13	8	14	18	11	1	1
13	18	10	12	14	1	1
13	17	12	16	14	1	1
13	16	19	12	19	3	0
14	1	3	29	11	0	3
14	2	6	23	24	3	0
14	5	9	18	20	0	3
14	7	8	16	19	1	1
14	4	16	30	15	1	1
14	11	13	18	18	0	3
14	10	17	15	17	3	0
14	14	15	12	13	1	1
14	12	19	17	19	3	0
14	18	20	13	7	3	0
15	1	6	29	24	3	0
15	4	9	31	23	0	3
15	5	14	18	13	3	0
15	17	4	17	31	1	1
15	3	20	14	7	3	0
15	8	16	20	16	3	0
15	9	15	23	14	0	3
15	11	18	18	16	1	1
15	13	19	21	19	1	1
16	3	7	17	17	1	1
16	5	10	21	19	1	1
16	2	17	26	18	3	0
16	1	19	32	20	3	0
16	19	1	20	32	0	3
16	6	13	24	22	0	3
16	8	12	23	21	1	1
16	11	16	19	16	3	0
16	14	18	13	17	0	3
16	15	20	17	7	3	0
17	2	8	29	24	1	1
17	1	11	35	22	0	3
17	3	12	18	22	3	0
17	4	13	32	25	1	1
17	7	17	18	18	0	3
17	5	20	22	7	3	0
17	10	14	20	13	3	0
17	6	19	24	20	0	3
17	9	18	26	20	3	0
17	15	16	20	16	0	3
18	2	3	30	21	1	1
18	1	8	35	25	1	1
18	5	7	25	18	0	3
18	6	11	24	25	0	3
18	9	10	29	23	1	1
18	4	19	33	23	1	1
18	13	15	26	20	3	0
18	12	18	22	20	3	0
18	16	17	19	21	0	3
18	14	20	13	7	3	0
19	1	4	36	34	1	1
19	3	9	22	30	3	0
19	2	14	31	16	3	0
19	18	1	20	36	3	0
19	5	16	25	19	0	3
19	8	13	26	29	3	0
19	6	17	24	24	1	1
19	7	20	21	7	1	1
19	12	15	25	20	0	3
19	10	20	24	7	3	0
19	11	19	28	24	3	0
20	3	6	25	25	0	3
20	4	11	35	31	1	1
20	11	4	31	35	1	1
20	2	15	34	23	3	0
20	7	9	22	30	3	0
20	1	17	37	25	3	0
20	5	13	25	29	0	3
20	10	12	27	25	0	3
20	9	14	30	16	0	3
20	8	19	29	24	3	0
20	16	18	22	23	3	0
21	2	9	37	30	3	0
21	5	6	25	28	3	0
21	4	8	36	32	0	3
21	3	13	25	32	3	0
21	7	14	25	19	1	1
21	10	16	27	25	3	0
21	11	17	32	25	1	1
21	12	20	28	8	3	0
21	15	19	23	24	1	1
21	18	19	23	24	1	1
22	2	5	40	28	3	0
22	3	4	28	36	1	1
22	1	10	40	30	3	0
22	6	8	28	35	1	1
22	7	16	26	25	1	1
22	11	15	33	24	1	1
22	12	14	31	20	3	0
22	13	18	32	24	0	3
22	16	20	25	8	3	0
22	17	19	26	25	0	3
23	1	5	43	28	1	1
23	2	10	43	30	0	3
23	7	6	27	29	3	0
23	3	11	29	34	3	0
23	4	15	37	25	1	1
23	9	12	30	34	3	0
23	8	17	36	26	1	1
23	6	20	29	8	1	1
23	18	8	27	36	1	1
23	13	14	32	20	0	3
24	3	8	32	37	3	0
24	1	14	44	23	3	0
24	7	12	30	34	1	1
24	4	17	38	27	3	0
24	2	20	43	9	3	0
24	6	15	30	26	0	3
24	5	19	29	29	0	3
24	10	13	33	32	0	3
24	9	16	33	29	1	1
24	11	18	34	28	0	3
25	7	1	31	47	0	3
25	4	5	41	29	0	3
25	1	9	47	34	0	3
25	6	7	30	31	0	3
25	2	12	46	35	3	0
25	3	16	35	30	3	0
25	16	3	30	35	0	3
25	11	14	34	23	1	1
25	10	19	33	32	3	0
25	15	17	29	27	3	0
25	13	20	35	9	0	3
25	18	17	31	27	1	1
26	2	7	49	31	1	1
26	5	11	32	35	3	0
26	6	10	30	36	3	0
26	1	20	47	12	3	0
26	20	1	12	47	0	3
26	3	17	38	27	1	1
26	4	18	41	32	3	0
26	9	13	37	35	3	0
26	8	15	38	32	0	3
26	12	16	35	30	1	1
26	14	19	24	32	3	0
27	5	8	35	38	1	1
27	4	10	44	36	1	1
27	2	16	50	31	3	0
27	3	15	39	35	3	0
27	6	14	33	27	1	1
27	7	13	32	35	1	1
27	18	7	32	32	0	3
27	12	13	36	35	1	1
27	9	19	40	32	0	3
27	11	20	35	12	0	3
28	1	2	53	53	3	0
28	3	5	42	36	3	0
28	4	12	45	37	3	0
28	8	9	39	40	1	1
28	10	11	37	35	1	1
28	6	16	34	31	3	0
28	14	17	28	29	3	0
28	15	18	35	32	1	1
28	19	20	35	15	0	3
29	1	12	56	37	3	0
29	6	9	37	41	1	1
29	4	14	48	31	1	1
29	7	11	36	36	3	0
29	11	7	36	36	0	3
29	2	19	53	35	3	0
29	3	18	45	33	1	1
29	5	17	36	29	1	1
29	10	15	38	36	1	1
29	8	20	40	18	3	0
29	13	16	37	31	1	1
30	2	13	56	38	0	3
30	1	16	59	32	3	0
30	3	14	46	32	0	3
30	8	10	43	39	0	3
30	5	15	37	37	3	0
30	4	20	49	18	3	0
30	11	12	36	37	3	0
30	6	18	38	34	3	0
30	7	19	39	35	3	0
30	9	17	42	30	1	1
31	2	4	56	52	3	0
31	3	10	46	42	3	0
31	1	13	62	41	3	0
31	13	1	41	62	0	3
31	5	9	40	43	3	0
31	6	12	41	37	3	0
31	9	11	43	39	1	1
31	7	15	42	37	0	3
31	15	7	37	42	3	0
31	8	14	43	35	0	3
31	16	19	32	35	3	0
31	17	20	31	18	3	0
31	18	20	34	18	1	1
32	1	3	65	49	0	3
32	2	6	59	44	3	0
32	7	8	42	43	1	1
32	4	16	52	35	3	0
32	5	18	43	35	3	0
32	11	13	40	41	3	0
32	13	11	41	40	0	3
32	10	17	42	34	1	1
32	14	15	38	40	3	0
32	12	19	37	35	3	0
33	1	6	65	44	1	1
33	4	7	55	43	0	3
33	2	11	62	43	3	0
33	5	14	46	41	1	1
33	3	20	52	19	3	0
33	8	16	44	35	3	0
33	9	15	44	40	3	0
33	10	18	43	35	3	0
33	12	17	40	35	0	3
33	13	19	41	35	3	0
34	3	7	55	46	0	3
34	4	9	55	47	1	1
34	5	10	47	46	3	0
34	2	17	65	38	3	0
34	1	19	66	35	3	0
34	19	1	35	66	0	3
34	6	13	45	44	3	0
34	13	6	44	45	0	3
34	8	12	47	40	0	3
34	11	16	43	35	3	0
34	14	18	42	35	0	3
34	15	20	40	19	1	1
35	2	8	68	47	1	1
35	1	11	69	46	1	1
35	3	12	55	43	3	0
35	4	13	56	44	1	1
35	7	17	49	38	3	0
35	5	20	50	20	3	0
35	10	14	46	42	1	1
35	6	19	48	35	3	0
35	19	6	35	48	0	3
35	9	18	48	38	3	0
35	15	16	41	35	0	3
36	2	3	69	58	3	0
36	1	8	70	48	1	1
36	5	7	53	52	1	1
36	6	11	51	47	1	1
36	9	10	51	47	1	1
36	4	19	57	35	3	0
36	19	4	35	57	0	3
36	13	15	45	41	0	3
36	12	18	43	38	1	1
36	16	17	38	38	1	1
36	14	20	43	20	1	1
37	1	4	71	60	3	0
37	3	9	58	52	1	1
37	2	14	72	44	3	0
37	5	16	54	39	1	1
37	8	13	49	45	3	0
37	6	17	52	39	3	0
37	7	18	53	39	3	0
37	12	15	44	44	3	0
37	10	20	48	21	3	0
37	11	19	48	35	3	0
38	4	6	60	55	0	3
38	1	15	74	44	3	0
38	15	1	44	74	0	3
38	5	12	55	47	3	0
38	7	10	56	51	1	1
38	2	18	75	39	1	1
38	8	11	52	51	3	0
38	3	19	59	35	3	0
38	9	20	53	21	0	3
38	13	17	45	39	0	3
38	14	16	44	40	0	3
