  100279  108803  112513   94607   33543
   82388  101256   97180  115100  111626
  111061   97679   56615  110318  123589
   32304  126331  113711  124619  124609
   74389   78024  111323  117834   40503
   41043   91289   41949   85419   56519
  105609  115047   70871  109716  110489
   96575   62261   98740  117619  101546
  114174   32524   50200   50311   32362
   46083  102802  119217  111202  114452
   77139   62311   41119  114793  106877
   32606  115321   77282   97346   83457
  106252   39773  111722  100277  105411
   58255  114298  105438  110632  103060
   48007   32530  109215  105108  110548
   32442   34569   67978   42785  111320
   96737  109414  109133  112376  117774
  114473   77801  110507  111789  118371
  116230  120763  101536  123555  114282
   32286   83060   99620  105134   88441
  101186  110038   99946  101398   58532
  106361   97721   32296   69846  120178
  112412  101596   71115  114850  115697
  115495  116104  105606  115648   80193
  101504  118425   32314  105340  110104
   32404  110431   99720  111728  109030
  112680   58523  117564   81975  116868
   64177   57679   91443  105238  104949
  110792   60497  103094   32342  101966
  110050   67349   97898   87067  111649
  119783  101943   98328  108374   94745
  105887  101770  115354   32418   45707
  121040  111274  114487  117076  110503
  121929   58077   32236  116164   52135
  111086   32914  115656   44529  111606
  116111   34149  108186  118648   47757
  101024  120573   83563   32524   93863
   99058  111714  109896   68465  125433
  112928   79759  108870  101224  104383
  120256   78867   35619   44452   32432
   43333   58461   74925   42785   99950
   40073   41721  104790   58737   68803
   97902   80579   67757   48555   59919
  108464  108820  101028   73441  110554
  103432   75865   51457  105272  110934
   52017  103248   87997   32878   65225
  112386  126531   40039  114776   79171
  111620   75661   80663   63017   77761
   55621   98346   87857  108880  110751
   98609   39913  101012  120475  109900
  115034   76313   55985   52765   86465
   46170   50335   69107   10948   10656
   67798   53797  123783  111822  109866
  112211  112786  117792   99645   90865
   71263  116362  105472  110100  103842
   75649   32656  105926   63071  115840
   32034   97512   32530  126945   97587
  100182  105302  115892   99400  102627
  107145  105722   47933   38119  112974
  108614  105122   70905   96881  110482
  101466   32192  116714  111371  119699
  104354   97852  116316   37583   32920
  111152  102234  102392  101534   38475
  114008  122849   97931  115436   32162
  114900  101086  119404   97636   76401
   80651   96903  114370  100784  105394
  110108  103154   32082  106829  111373
   97566   91515   96019  104053   53561
   74187   74231   90895  110472  100982
  125229   40835   95755   32164   80261
   99568  104296   52307   97204   87147
  108108  105941   91393  108776  101832
  110514   71849  103958  123405  105424
  110626  109071  103672   52069   32826
  112214  111966  124105  115604  115064
  105724   98348  105306   33539  108446
  105814   80281  116848   65649   62961
  105740  101438   86627  115736   32482
  102878  111808  122879   76847  114420
   73101   74557   32990   97458   42867
   36017   32124  119192   84015  105006
   71423  100956   95817   96411  117649
  124017  101638   32682  114128   97114
  110870  103448  101656   57217   32816
  111132  102064   32436  105655  112174
  101526  109717  111234  119011  112834
  108944  101960   32810  114402  101980
  103416   97822   72141   58447  114228
   36219  102753   80487  100938  108594
  101294  124635  115524   78925  102199
  115220  103855   55131   32344   38863
  111766  102834   32276  116266   74187
   92807   87617   44213  104988  101464
  105458   41861   64929  114080  104349
  104835   32196   35979  114782  117931
  106503   97784   75069  110266   68493
  103640  101412   32878  111232  102232
   73625   58525   32858   38891  105234
   69267   35437  110324   75121   35939
  116878  101070   92727   40437   71289
   39789  114843  114648  101010  115342
  103181  113109   53421  116794  101263
  115128   46222   32598   67954   58019
  111680  109486   69815   97327  112254
   39751  117384  116244   96135  105346
   63127  110366   82453  103272   32174
  114114   93067  101164   87299   75029
   38851  113736  117862  105743  100379
   60727  117211  105092   78783  114574
  101700  115210   32208  124853   97486
   64413   76219   54213  102587  110386
  117733   42623  100672  115807   32964
   89839  100762  101136  118494   42635
  125103  101752  108210   40139  111554
  112856  115330   93953   69617  117477
   32366   99120  113801   97152  104855
  112002   97060   36071  116751   98408
   52741  105926  108522   64893   37819
  106815  105064   68951  116418  105414
  119393   38511  125151   41433  101696
  115032   53411   32740  105898  110292
   32968  107103  115014  120005  111358
  108398  118654  105192  110712  103802
   32446  100470  118205  101142  101924
  101975  112198  123993  109569   44217
   44460   92863   32476   82257  109344
  117816   66367  108450  116166   49471
  105360   72289  103391  100870  101107
  105532  109608  101054   62357  110564
  121747   98879  115924  105480  117445
  111160  110112   77429  103041   54599
   97794  108168  114261   32138  112030
   50773  114028  111870   72749   98744
   87687  108556   34841  101150  117297
  109110   54945  125269  115440   51341
  102293   32260  118117  100713  114196
  101662  113538  117696  105734  125803
   69695   78345   73947  114564  105912
  110020   92173  103660   32098  106151
   45785  105918  109008  106367   97622
  103126  105960  120745   34333  106929
  110256   35667   98691   97044  116160
  105466   64235   85433  111066   48435
   69115  110416   32492   40207   97353
  109167   75709   66645   97694   49599
   45853   69465   33369  120553  112043
  110114  100598  109373   49439  119207
   32836  124099  115466   39559  112567
  101856   81815  110542  115172   40215
  105010   70087   71109   99043  116492
  105260   92591   82301  118062  105172
  116424  121768   95691   32142  113351
   36975  116528   51301  110951  111686
   32268   77389   97022   32796  118318
  108483   48869   83683   42131  106213
   64335   97958  114656   94127  105864
  101706  116554  121826  125113   99349
   85369   32632  111352   55547  102450
   32050  101775   99946   67785   63885
   61227   59655   46193  116045  111586
  103183  110630   45375   99308   56273
  107875   35371   76203   82945   82987
  101936  114602  110338  115714   47587
   76497   46596  112621   10028   10322
   84484   52431   48087  104080  121321
   85499   96527  105029  101156  114036
  101972   36827   59809   32600   97464
  114418  101114   32152  109448   61371
  111648  126345  114576   71665   34799
  101400   32346  103235   97315  114266
  101428  108729   65217  115965  112987
   97930  115326  111232   90951   81883
   83781   65913   93489  110596  115748
   32806   92735  105185  115281  116968
   99755   71235  116707  122659  111504
   93411   98537   89749   83601   40587
   90905   32256   98968   70287  101832
   63539  125983   99954  111556  109650
   33831  101150  100893   96323   46537
   32032   62291   77115   55067   36895
   97238   32158   34221   83485  117289
   98491   50769   77183  101737   67128
   62751   33733  103823   81413   44981
  111116   39287  109512  112526  117426
   94061   75783  116430  101714  114646
   32754   83246   99982  105740  101638
   47395   60837  109331  110028   99318
  118117  113477  101402  113193   89329
   32204   82103   77882   77997   97912
  106336   52365   80601   35583  119285
  111364   36907  114708   32986  118943
   97526  103223  116502   72657   32400
  104144   74859  105585  112825  119049
  116272  103453  122987   73245  116670
  112802   58488   65855   91487   47991
   47878   87349  101571   47988  121473
   99772  107887  111249   52989   53043
   58567   90149  111068   41681  109420
  112650   89373  105387  117952  115111
  116170  105812  110950  101515  103816
   87315   99800  126033  103877  106753
   97028  114476  101426  101690  108275
   71051  114782  110389   92289  115840
   46976   97340   99650  109500   46464
  111944   64669   46053  114882   94039
  103184   47696   63256   88673  112908
   63307  111733   97918  103366  101892
   95670  108975  105056   86967  100066
  125777   61436   52866  100745   46490
   58849   10022
