  64313 113993 107335  78195  41995
  55757  56595  82964 113339 101754
  60853  57423 110063 101979  97688
 115028  90125  50997  88325  86947
  97725 111630  51409 110371 110994
  99281  32788  41219  78418  71075
 117948 109152  98752 124351 101318
  82537  50237  60667  55395  80953
  75463  48037 114580 117715  67761
  32466  72675  51423 123785 105969
  50446  48227  32658 102096  71779
 100703  93539 111056 116859 101695
  90819 114172  32772  96901  77552
  58187  75247 126901  96585  64455
  55845  83695 119357  41689  91631
  97258  78357  97475 106058 111462
 115201 114162 105406  83941  53373
  62397 110548 103882  42857  89235
  85651 101093 118087  32756 105172
  85013  98377 110930  52603 119087
  82137  32236  91669 104433  67328
 111992  47111 109052  47961 112618
  35461  38233 126199  39923 104121
  46835 114157 117990  48369  37567
  39551 121171 116430 103231 120289
  48771  75357 107087 101140 109717
 114860  71543  50465  98301  32824
  93033  83604  40711  36815  99130
  82241  42147 105258  33445  63811
 102285 124733 114103  50085 119819
 124265 126055  57359  33419 112007
 101948  44343 110602  99040 117563
  77155 101286 100851  94273  45045
  88383 110837 115445  58340  84717
 122521  91107  32624  88089  34285
  34375  36779  39635  98011  71927
 114367  33897  80893  88335  98045
 123655  69764 120816  51897 112400
 104383  84431  91991 101572  34993
  96457 114010  69781 116950 105160
  79753  98895  99361  99471  56513
 109697 113511  88029  72307 109709
  89643  97701  74415 125681  75175
  73713 112857  45325  71839 121401
  82531 118943 115400 113299 121337
  61539 101168 103701 100211  32896
 105358  76703  74637 126091  54653
  82951  98027  91291  96817  74807
  71561  77183  50489 115073  94971
  71375  82385  78983 110880 103629
  46781  75791  67313  53137  32640
  99634 111322 107209  79205 109276
  33315  51877  89945 112818  45903
 117034  69601 104885 117301  48169
  67767 116836  60707  38221  45967
  34527  94335  33371  82437  49115
  63343 105924 110644  40435  39409
 114067  49129  81145 123365 115299
  69557 103302 110697  59775 109309
  33239  35523 111981  80971  74773
 103487  32788  86737  52383 101356
 110502  98447 112325 115639 116311
  97330  54457  98560 124751  95407
 114957  43069  94241  54169 115523
 108468 101720  35733  38663  82645
 115598  84677  32780 107669  81305
  33379 123173  55819  92173  85427
  46873  89391  43399  96997  37493
 119385  77677  99955  75977  60225
  78259  37187  50303 121040 111780
 126433 117678  69065  32072  51157
  65801  62507 116680  62039 115411
  61555 111722  43203  58703  89243
  41129 119637 101709  84627  63773
  71519 110343  32838 115786 113545
  87011  37165  81699  75805  58363
  34693  53337 120225  89343 122761
  44461  51249 107329 119365  89037
  64009  46081 103943 111278 108446
 118514  88033 123291 101738  32726
 102625  98349 113421  99992 111022
 115341  55493 109112  33067 112218
 108028 101082  50123  37921 120750
 106977  39515  44374  49811 119131
  32514  70983 116929  99362 104588
  55739 109859  63417  97192 108320
 113759 110381  60825 108258  48315
 107675  84497  90041 101028 110238
  33227  56225  86875  49711 103450
  42747 105892  74667 110520 114117
 125997 103604  56773  74531 103731
  97361  67097 125739  32302  86649
  62247  84727 110207  80715  75189
  55119  56249  98357 112602  81229
  57865 114496  52591 101893  43505
 118103  99231  98903  99999  87227
  90621  47897  55665 109467  68467
 111660  89431  98842 108234 101476
 105523  63133  98533 101381  46261
 109974 113089  95359  59779 115886
 109591 109493  85155  65199  46782
  57389  95155  37153  10798  10158
  46557  67760  51923  66107 111458
  98273 109428  47661 112630  93295
  43785  89981  77133  53829 120209
 117286  57569  62147  66813  39649
 116932  67353  72335  33915 105704
 107935  60607  55277  41729 126913
 110330  74527 103780 113031  80973
  32030 125219 104291  47965 104585
  33673  95147  82723 111457  53093
 123925 105772 119795  95823  59523
  34921 115052 121227  68795 106913
  60443  81215 104981  32108  36875
  93699  75225 109165 109033 122907
 104931 116337  85223  96439  50551
 116525  58731  97798  69249  77749
  91633  43117  32384  56381 100360
 105882  50791  39257  73621  52837
 108995 101705 116291  82839 113063
  42149 119059 115158  99560 108729
 110863  87825  56465  91295  40491
  71145  36297 111187 104955  60695
  90169  71375  55937  73531  95647
 105262 112098  53961  47613  41025
 115729  57887  82273  64501  41603
 107501  95957  86463  55365  75599
 108866  77559  33133 105928 110398
  41265  92087 101678  36013  62749
 126817  32656 121281 116306 104672
 100541  97572 116664  57577  62575
  32726 100299 111022 102118 124285
 107439 103693  89825  46129 102548
  77069  73531  58737 101050 114858
 115496  34415  73371  37259  32912
  81559  92763  65759 114040 104795
 107683  64263  74607  54165  51913
 105873  66035 104393 101146  88611
 119987 119770  97154 106369  90553
 114070  76087 100692  68507 105506
 110647 110836  77019 117987  93495
 103258 105425  74011  58795  32630
  53493  98941  97226  34077 115471
 110602 100658  32196  59199  99196
  86015 104214  38531 101483  71099
  97324  48667 112701  81055  69755
  71897 122969 112297  85311  62503
 108384  34545 108958 120773 101294
  81261  90329 105025 110038 103318
 105417  55833 109135  81895  39251
 105302 111587  36901  64725  45247
 114475  47195 110960  57851  77291
 122065  39101 103128  69935  38997
  36003  34309 102753  42185  82349
  63075  32820 112194 111364  99619
  57273  65943 115882  65549 115628
  95145 107841 107607  70511 105902
 125023  98048  80779  55773  44205
 105038  51943 123037 106941 104917
 100755 116777 100195 108886 105810
  34249 116732 110667  44609 118429
  84835 105662  63011 104371  50575
 103287  94945 101954  42177  63601
  91295  58747 126153  47195 115594
  79495  94781  73705 122493  92047
 126109 117755 103033  51263  32666
 102970 103829 110907 111446 121605
 114144  50611  66249  40489  82291
  54419 123669  89783  32532  47415
  97912  81723  32680 119562 105086
 100730  67547 103385  80299 107867
 101542  66593 117613  32032 108737
  37135 106255 114728  97578  69717
 110352  55045  83055  67457  91401
  42401 101107  86859  78027 108991
 103264  83501 101780  44613  32048
  36297 111990 102180 110225  59219
  67885  43885  51555  42959  32152
  67007 112620  91485 101420 111672
 112620  88331  88287 101859  67877
  95899 125173  52001  96787 110353
 108480  97493  88887 103011 101700
  32180  98841  67999 114484 126925
 107277  62557 100849  42553  58103
 101828  64131  96879 102995  75649
 103216  37793  97938  39035 125823
  63859  59637  70999  88963  59729
 114366  48799  88783  79311 113463
  80695  35585 100450  38025 108146
 107197  77167 101902  63983  66725
  49639  42005  45521 115308 115394
  32690  99137 111436  80365 102928
  32422  89771 120899 116778  94431
  47695  48849  97641  85227 102565
 126907  84269  46761  71827 101111
  67169 104828 108447 101400 110409
  58329 125317 105450  74677 121387
  47085 114852  59739  32192 114492
  97110  65459 101255  98711 116651
  56043  63649 110542  99129  64859
 103436  42489  78501  97263 107069
 106961  47963 101156  77777 119421
  97849  40555  32548 111370 102416
  90851  88679  85899  41323  44103
  32632  67091  99265 105914 107591
 118101 123787  83403 120307  48835
 110728  45465 125789  93105  42177
 116930  98513  56325 115485  63561
  72269 101892  46337 114164 118275
 106589  72577 116355  76871 121031
 122435 107105  69983  60529  35525
 102277  86795  46233  95211  68769
 101404  60203 111417  80037  85463
  54695  68713  76331  95061  89579
 115522 116974  94715  63549  98349
  53601  59987 115190  73851  83911
  79577  49535  75561  90503 111873
  42569  46003 110305  88793  73177
  46844  89651  95769  35953  90495
  74593  93231 121793  32956  65733
  82271 105791  67208 100767 111378
 109158 117707 112906  41191  43365
 117944  91597  99071 116514 106891
 108063  34965 105070 110100  89267
  59659  98319  55747  71679  70041
  51303  88589  67147 112395  72131
 103637  62003 103970  74245  49787
 119633  32650  58777  90049 113299
 105899 100301  72627 112659 114450
 101124 110667 106311 116373 101787
  94739  39941  57479 108287  45435
  41423  56887  57473  46753 113816
  53561 117964  39013  98285  59911
  87371  72103  45885  72169 105568
 119749  64661 121039  84223  50583
  41847 112993  51315  33249  78499
  73175  92399 114046 101446 115988
 112595 102615  73187 102289  32466
 100689  40275  41613  60883 101069
 101829 111987 123695  76115  82525
  52675  50907  97218 113835 104259
  55197  38947 110152 100078  73983
 123663 113651  65941  40535  32162
 126279 100082  74491  66029  46561
 118015 123753  91323 101026 118826
 119387  40745  57347 101830  87531
 100033 108106  35037 105481  35093
  57241  53675 111468  76085  70821
 112920 107661 115816  80081  74411
  69273  70355  54095  48819  92555
  67171  84093  32602  44773  88889
  56277  81847 102015  51209  70121
  74771 103917 126529 124147  73339
 122781  64741 102715  48681  73191
  67103  79777  41999  99108  92283
 112333  42879 106513  91015  97278
  37259  88527 112686  57969  97526
  54687  98680 105720  44631 119469
  86513 108032 105698  97689 119895
  99867 109895 104133 116730  49983
  34443  99353 104915  48613 105532
  72929 101594  92567  93585  88193
  71489  81925 115292 114379  32152
  59257  35333  73727 111903  99217
 100373  70385  76255  54389  84631
 110893  51323 101133  35739  72047
  98379 105608  68229 110106  32454
  43953 115940 114329 111130 108796
  64401  36069  56659 118714  93671
  69167  89117 105528 103101  66517
  69951 110664  61437 103866  32630
 100882 115929  51095 109373 101010
  99773  45519 101476  46195  86689
 112124  99131  44150 115217 101501
  80257  88259  74083  70171 117591
  32214 109036 106165  69017 117188
  91949  41433 108594  47909  66411
 116938 105730  64813  80933 126287
  98207  40875  90127 100562 123035
 117425  53427  72055  61429 114075
  67859  94575  98589 104169  78187
  87495 112175 105752 117061 109398
 101690  42669 116305  78613  80225
  39083 122095  99157  90857 102091
 100907 110208  52395 115106 105196
  96513  46151  72955  93305 111559
  57701 125503  68575 122019 111414
  56619  44687 110900 116707  69763
  97072 114955  37763 108802  32186
 112726 103003  45687 115183  80919
  69673 109415  97483 116567  33353
  33537  83701  36945 108955 114408
  68705 111578  59381  98232  39981
 108770  33043  72485  44197 108971
 110135  73129 101768 109300 119139
 115576  53139  36159  42765  44709
  46779  64821  32804  76303  69319
 110301 114414 106419 101540  80565
 119731  78231 114673 113744 117722
  34155  38655 117185 105932  99101
  34305  92313 114602  94369  99543
  91077  60387  42991 124267  47697
  54459 105998  54279  60761  40291
  78279  69325 110198  54697 103872
  47029 114461 114873 117605  32394
  81181 105410  40893  76487  82793
 109296  97984  91583 101309 114925
 103042  69891  99975  38229 105672
 110438  97792 116388 105040  54023
  35825  90991 102997 111926 110104
  32412  97398  76737 102717  96417
 122561  61583 107479 115491  66755
 110135  66949 110720 101057  34435
  59949  49083 118285 113395 100522
  54891 117577  33985  88637 122629
  32720 115574 105481 101836 110450
  41799  91105  92445 115816  40707
  85459 111489 125781 115327  74975
 115405  62245  63137  80643  65005
  48343 105386 124021 116128  43865
  64905  36737 105862 123109  68885
 107977  65271  53949  82967 118690
  40149  94699 105826  98849  57713
  53553 116474 101129  45221 109941
 120333 107065  66793  50537 121726
  64183  57009  58753 113251 113609
 116059  98447  87161  32032 116250
 111078  66103  54471  58473  97337
  84715  88931  32688  55461  92079
  57811  97666  85835 113051  96629
  83825  86123  59979  32954  53231
 117833  76271 118278  96451  48721
  46763  88239  68799 100709  80049
 111345  69017 125551 110145 119439
  97676  40025 104915 114198  38709
 105668 101026  89317 116828  35203
  60413 121868 123509 125629 101031
 108691  76293 114399  75555  38393
  80037  32758  69815  95467  69615
 111936  58375  48465  50081  75887
  44629 101909 102536  66929  32014
  67681  91871 103463  66231 125431
 114803  81981 105109  99004  83675
  45895 114901  94271 111468 110938
  70833  94867  38027 107045  99680
  64913  75765  68981  73847  67433
 101608 114556  93411  35691  57985
  34393 110594 115482  93359  89603
  46526  55201  95997  10762  64209
  10874  56241  84450  54959  39295
  33427  36005 111755  86329  88461
 104922  92717 101780 118579 104539
 113477  57583  53773  63901 114798
 103125 111213  95003 124815  99169
 117093  79083  65161  61889 101234
  54303 108375  32896 100985 113931
  62209 102035  70207  97654  91595
 114342  97243  87911 123865  34439
  37301 118507  75713 101800  63301
  32280  39343  87283  67753  72909
 109352 115067 117523  61271  33487
  83629 109509 111770 125363  80363
  44999  90991  67765  47309  44453
  56419 107335  76409 118123  65087
  73973  69275  88913  53299  90593
 114908  51487 102155  73827  72817
  87573 101326  32236  35601  62909
  51589 114646  64813 101730 116113
 107115  97196  66789 115158  45023
 111612 110538  75701  99915  76537
 115548  81229 102005  79651  36401
  35003  45799  73187  92869  64043
  32192  71549  61871 101527  67833
  75817 117567  73599  98585  93597
 116476  40625 113411  34323 126925
 121917 111468  51447  33015 113485
  50861 124685  98235  32706  98260
  57871  58133  94399  93197 101500
  99096  47601 105195  84671  43081
  36379 111316 109512 101458  80911
  84423  33165 110305 114389  32664
 124621  78209  97090  59697 123697
 108753  49043  93825  32044  85409
 115085  67590 123795 118055  56641
 111574  98677  89349  60493 111807
  98453  60293 109248 106907 112092
  68727  74785  67283  96607 113161
  77179 117846  85255  99147 126171
  36029 116504  62049 117633  51543
  91747 101514  79989 122923 108563
 121243  85083  33081  87729  94503
  79275  82509 114334  79227  32450
  36841 108385  83972  58643  60891
  45013  59425 111351  99294  66801
 107887  38483  65605 105128  87085
 101954  68221 110142 115421  92481
  65465  83829  99038  79679 121235
  58579 101494  47093  91205  32062
 106469  77560 109099  65259  42183
  33427  87981  78561  48175 117879
  97482  42035  94163  33241 106082
 116867 111486 105677 114350  45841
  94723  58165 122333  55021  54235
  44549  32976 101003  62019  49653
  86997  41979 108101 110895  97536
 116538  32976 119123 104930 104475
  81153  72267  69405 116308  85229
 116660  46963  52845  48107  58515
 112292  63319  66647  58112  59591
  47084  59831  47602  99174 111008
 109278  70839  82525  43433  56773
 112038  87497  78635 117236 116554
  69631 111415  67255 105606  64475
  92875 117221 107791  80917  46561
  44617  82687  34999 126269 110108
  49015  90199  55519 123829 103022
 116481 103851  33875  73123  42477
  38555  77529  99152  97650 114586
  55805  48215  58015 101132  48803
  69755 108587  83169 101716 114742
  55395 115376  46854  54623  34343
 124277 113975  36631  92107  55961
  39729  97558 109445  72383  99768
 111419  41533  86795  53369  52491
 117525  47283 116861  99903  57565
  55793 120229 109800  72925 117877
  87405  63277  95001  46196  92227
 105111 113671 111588  43181 114126
  37899 114699  91265  65127 103156
  47940  89137  92499  46373  98175
  69703  51131  82977  87445  63538
  90143  72353  94941 112918  92509
  97854  46221  92437  41641 103374
  71353 107765  90919  81285 101050
  95682  43301 125821 103539 105090
  48553 100112  86913  51651  61938
  70825 120543  52680  46696 123157
  10486 111365  88297  49705  61799
  41245  51149  81101  33433  79855
 126094  86133  10610
