  82960 104513  66373 126551 101384
  92437  97458 103895 115894 111480
  42781  40873 110214 108333  38253
  32014  88677  88033  78082  88477
  59041  99531 117578  82517 116797
  87619  60193 109724  86501  64337
  58473 115249  98660 101830 114486
  56701  90163  87345  32772  84933
 102287  49754 123871  32562 102176
  81219  36851 111376 114208  68089
  76989  32914 105883 126633  77532
  90637  39535  73763  97116  78591
 106566 103297 111106 126953 114808
  41747 105042 108779  62201  52759
  51673  77187 110650 114255  69813
  87117 103330  34121  32386  80291
  55585 119187 105452  54115 110132
  96475  61979  32424  78675  42659
  71489  52313  76913  45997  67792
 111350  92379  88191  74215  81741
 109944  88635  57291 112784 117034
  97921  49913  53759  67989 116946
 101022 101889 114480 125897  70285
 118331  42575  32836 114391 118301
  69237  52155  36597  83420  78713
  53203 107653  99560  93847 102329
  57061 114991  40205  56629  89221
 102683  48519  55359  61369  75111
  34425 105076  59549 125883  65695
  64577  44763  63365  51709  41281
 108359  72431  38027 126067  76595
  92119  75255  53621  64523 101128
 126277 110948  99788  39553  86441
  42729  73933  49677 107653  51353
  60883  44115  98749  72135  54027
  94181 101788  95901  39725  58204
  32240  74283  67928  76371 111958
  41177 122457  60915  88177  34807
  52369 122391  81465  53633 109264
 112418 119391  47843 117094 126549
 116714  88143  52109 115961  71061
 105756 110322  98817 103986  60733
  32796  59627 120385  42245  36009
  99731  63305  79137 105290  82145
  43803  40899 115940  32686 112732
  91843  97438 114620 101079  67263
  56165 116426  57331  32806  76821
 111828 102046  76677  50419  32006
  96249 110287 101384 118800  95313
 101146 118349  35161  89153  73283
  83301 114980 121734  90237  46611
  77199  95369  73839  39653  50213
 116342  60385 123319 122829  66557
  96753 104864 113425 107727 105528
  36243 119255 110376  79107  70415
  39063 103354 108045  32364  53197
  78167 119582  97747  42829 101782
 118765 101401  81809  99769 105501
  32822  67467 101881 123455 103475
  57777  93649  84073 114611 124447
 107365  52383  91269  96607 118097
  38023  94341  99005  86749  55287
 101109  80247  79719  73661 100210
  33931  37381  39815  33901 118025
 111284  67393  33182  55565 124521
  51211  71037 102847  88061  10686
  78109  10538  41743 125327  67614
 118191  53693 113701 111810  45267
 109690  80055  48859 100227  46895
  45769  67477 117203  38475  74817
 112746  37151  73247 117568  54437
  54649  99319 102029  74437 116616
  84329  48937  41993 105724  39401
 122909 110264 117469 103392  32612
  97604 110676 113325 100700  32184
  97411  38235  99788  68707 123631
  87565 111426  55739  89757  59901
 112793 109892  93665 100231 112418
 117716 109059 112353  94355 117745
 116140 101332 114652  38345  32852
 116750 101438  58625  99464  94205
 124415  62823 104724  99679 109003
  65369 111023  75123  39623 110102
 111908 108196  52937  43173 113219
 110573 111578  66615  82549 104367
 103398  66141 121478  42353  32498
  97728  43471  61969 114756  71103
  41429 120425  97189  67333  67015
  46945 101158  43019 121863 126703
 107955  32576  88579 112280 106739
 125107  97254 114366 116152  32352
  60287 103171 111578  65867  44047
 102574  49631  92117  32268  76267
  48183 123695 119027  55355  57965
 106480 103951  54171 117108  58415
  90255 115704 103555 116374  52757
 101967  32212  97056 121973 125741
  39519  98302 102045  59521  83127
  59597  96315 106009  53319  75433
  89009  84775  64421 126991  70911
 113363 103055 111764 123299  43771
 117112 101119 120881 116558  90883
 102691  50047  32510  37485  62775
  71627 101006 118502 101380 114899
  98777  90921 124899  41947  69077
  74091 114398  68647  48985  33257
  38357 115633  49477 121186  86895
  90587  88027 116372 104310  54971
  43323 105505  42391  69861 112985
  80723  67711  61925  59247 105656
  64687  76855  62107  50719 110168
  76227  50985 101081 103810  32662
  43725  70681 120849 123237 108483
 116268  81133  41197 104886  97952
  63187  59005  74749 120695  51635
 114923  95023  73937 116153  52607
  87961 111667 116496  88163  32942
 117649 122887  90031 116172 111336
  53673  70403  37053  56935 104057
 117952  48171  90133  39455  78817
 116891  99390 104948 101206 113609
  36761 110447 125051 101897 115158
  32858 124283 123497  45059 111002
 104837 126943 117332  61241 117639
 125107 110019 124783  64133 114936
 106689  69283  68745  91701  32456
 108570  98431  71477  50307  43943
 111623 108219 103687 105024  46155
 125905  94489 125779  64425  79783
  36653 118158  79427  37521  80247
  64619 101078 115016  58699  67507
  96007 122799 124475  32904  94683
 102586  92523  66933 114802  85005
  72975  83723  57229  50855  70675
  76541  59455  51257 125803  61035
 111888  66927  94099  82823  57057
 109406  93129  32860 116776  94877
  33039 104518 111529  69451  47155
 111023 101372  69443  44689 116967
  82823  78705  80813  32144  59913
  89993  93205  47435  60217  99246
  37809  55047  97566 114944 115798
 109909  32670 115977 119478  96975
  49959 110245 109735  49255  66271
  67979  43711  39163  96811 101126
  85535  32030  40793  67391  83945
  33953  65739  60153 118649  95337
 100280  51825 114892  53585 105680
 110391  58117 118234 101300  70257
  81573 112575  99433  40449  44552
  82981  87857  55343 106247  42069
  32846  79503 116860  62097 117601
  62179 111426  58589 122473  91633
  86255  79209  60511  80371 123757
  62109  44995  79137  92513  55441
  83773  84531  56989  56755  91169
  90189  33935  99423  88269  63555
  41541  92243  88529  55391 105499
  40583 123399  36863  44007  92055
  32944 112533  71749 116270  53019
 104394  49489  68977  45859 101298
  45621  32408  71263 109564 111930
 118008 105592 101428 122557 115834
  46877  32006 119698 101948  88183
  93579  65917 116781  45665  79095
  32186 119698  97217 116649 106253
  97532 114481  82063  85739  45655
 116120  99432 121741 104858  42699
  75473  46055  44344  49095  89219
  32618 116529  82621 118439  69633
 116824 111329 109487  77511  61677
  80595  94267 118059  82509 115125
  55749 123149 111618 122151  32824
  74331  85279 116649 101453 116428
  34445 104394  93175  49993 106887
 118211  74507  39461  64355 101932
 119245  32810  66367 119186  66403
  44351  94549  33085  97324  43135
  65157  97899  33961  33833  33045
 107749 114033 121812  79447 115763
 122513  49421  70169 115950  76641
  61885  79579 102143 126449  65863
  61453  80449 103141  80653  32156
 110179  97721  90409  43071  73879
  50757  98460  92491 117220  77971
  61257 122361 115746  95447  54675
  89651  66983  73695  88119  95657
 105872  70135  77107 110032 101268
 115054 113427  33565 115404 101708
 115878  81877  41955  75441  32580
  99985  36505  97634 122217  45623
  64463 110900 100740 120165  96747
 125271 119347  98497 114787  37161
  74879  32804 103960 102809  53125
  65877  63321 107065  83099 111434
  89335  63081  83529  98535  55943
 118710 126015  52063 115399  36805
  64425  68483  57001  80987 101760
 104081 114161  48167  51737  35459
 109679 114764 105699 110080  52487
  36029  97723  79507  54277  79479
 109460 101664 110646  43493 101121
  91427  85211  98757  37725 116890
  44931 104093  35303  39805 115368
  46553  77491  32964 100534 107595
  75269 101784  73331  80025  78873
  96349  34055  52789  38007  97378
 122425  70147 108690  76017  32074
 107249 109651  48607 123763  46223
 119124  84675 102245 105196 102613
 105955  61727 116018  85463 115005
  77107 103593 104426  84535  36439
  32238  62987  98817 110279 117524
 115866  81955  46348  33123 126871
  37275  41545  38145  99019  32010
 116307  55713  85138 110394 112713
  75981  86865  79377 116011 100844
  98505  90547  34093 101026  43281
  87345 114502 115766  81017  87275
  65421  82107 116396  47511  74549
 119661  76073 101381  48427  90891
  55319  97740 110298 100876  64171
  53323  74471  71749  36779  80323
  64387 107447 124887  49407  53933
  59007  75835  81507 105050 107425
  71603  98463 108403  89807 110476
 106747 103654  98273 105807  55175
  38869  32994 113861  68239 100214
 105898  58237 122635  52815  64473
  62589 101837 102478  97633 119197
 110635 102912  63515  64371 115383
 101928  61759 124417 114470 121909
  42077  90509 101412 112867  58303
  41125 110206  90187  80363  79611
  35245 109159  75057 116428  32744
 100692 114853  99493  72389  94477
  77141  73507 110971  92583 105100
  71053 109233  67581 109664  44045
  82819  62581  85555  59029 101302
  60143 104193 110364 113711  53019
 115308  47479 101259  45883 118887
  48441  91715 105522  55381  38423
  33355  75217 105739 117143 111290
  90635  80521 110906 106531  95747
  64537  85683  61429 115336  32006
  91733 111621 111902  51301 102730
  43457  33159  45559  32534  65997
  99550  69409  69045 111518  37131
  45623 108977  36525 107641 113815
  66627  53793 109180  81871  36845
 112926  34849  41267  70277  98125
 117778  94295 116682  61565  86579
  87505 115513 105264 105415 110778
  85359 103332  41359 115507  32670
 113785 105024  86265  68743 115082
  98067 123935  32500  67529  85423
  67365  70453 100293  34243 116591
 120977  76249 112946  91735  68945
  43639 121799  97576  85081 115921
 114148 116370  34015  99491  41943
  56361 106653  49383  53573 116489
 119557  92971  86639  32764  84623
 101991  68213  70991  94839  66241
  53221 125377  52223  57943  35985
  91759  73687  66565  89915  55475
 106549 114393  97053 102771 111494
 126837 101357 124459  63081  52855
 102376  36871  32330  68951  79585
 115047 110539 117049  63203  73553
 125177  89965  76037  39059 116972
  82057  61355  37507 101383 104890
  60767  90263 119663 101494  32260
  84935 100057 125511  40159  42777
 110532  75011 107117  61743 101942
  58403  77395 120971  99952 100027
 119513  49071 104227 126811 102009
  44279  79853 116191 113257 101764
 106349  94141 115340  77815  81069
 115520 103475 113193  70241  99735
 117193  67051 121923  43937  85985
  74445  56129 109433  97798 114294
  56869 121206  58077  50919  32836
  88897  87923 114869 115070  54057
 112225  33283  65433  68371  90031
  89969 107522  37239 105238  59251
  80101  52379 108798  73949 108670
  32796 100611 113157 118115 123445
  86907  82909  54217 115664  35163
  73707  79683  96513  69357 119711
  89695 107725  72883  82135  66129
 116341  33783 111579 101242  89375
  83509 116244  37441  90683  82257
  32522  56961  60159  56073  50449
  33661  74753  62323  34823 102860
 111993  84567  39353 111366 114988
  32916  97884 110882  84541 100489
 119885  51351 125049 116713  36521
 119431 109833  69499 115499  92215
  65513  77361  35509  68611  35439
  32388 101648 100880 117792  67895
 113323  99408  97754  54649  98877
 106957 116980  70859 102111 101138
 108463  82039  96281  39371  59191
 114557  67967  66189  67487 119677
  98051  63015 125755  50013 106213
  57067  79989  97221  62927 100772
 113979  32736  38561  37091 112922
  52139 101052  37987 113623 108223
 103833  80871  93643 102253 114056
 115588  35067  80807  53851  96047
  77029 113131  54937 125521  63643
 111490  63931 110194  38999  32226
  85663 105162  47917  91171 110114
  40345  67411  32120  65715  66433
 116556 126599 104100  63321  97775
 101216  79451  32430  49563  50474
  91941 111765  89205  45401 108889
  36727 109971  95649 118469  76885
 121507 115813  86691 105883 118259
 106995  49756 119119  43653  56573
  71655  38125  36375 115186  54979
 116392  35335  38393  42285  72215
  70917  32130  73721  99504  97281
 101353  90157 101644  99613  58341
  81515  86817 113649 110432  81983
  97611 109669 116264  90425  70977
  72005 116551  94045 117384  74453
 114834 121044 103559 112209  79137
  73777  46374  47189  89351  41885
  77249  32640 125473  87308  41843
 120299 104992 101856  35903  99813
  37245  81465 116402 114815 104786
 117517 101882  41531 114132 101239
  32332 121310  50425  89239 111064
 117538  32280  77973 119502  97152
 110662  75351  89143 111313 116536
  52717 123157  32884  55195  50767
 116046 111416  32238 125669  98036
  38405 101174  60293 110225  37665
  32808  97962  50847 119181  39591
  65817 116749  64565  32514  95797
  58445 113019 115336  63825 108159
 121211 106581  99256  83715 105094
  59195  53311 101802  35975  55489
  87301  85989  80411  40565  84099
 110382  87263  53645 116678 105468
  59573 126471  53531 115126  67025
  85683  80347 116250  44780  44539
  32324 100158 101578 118798  62835
 101164 108738  35403 111778  40831
 109455  68675 112740  58027 100791
  71033  55477 116895  32798 116812
 104202  82997  89653 125307 101400
  32430 108804 101289 123195  97822
  83995  73383 116210 121565 101726
 116095 115458 116698  35435  32038
  81737 107975  57655 109697 123049
  91051 107130  79973 101855 106891
 119929  72879  43807  92783  54937
 123011 105420  78813  95567 108330
  74863  68223  43097  97793  78017
  45745 110363 108302  45235  79449
 101080 125047 108249  91849  96349
  95751 124969 121453  52503  38751
  69789  89877  81349 107327 114156
  32840  51373  76753  97720  91247
 112336  50221  81589  75829  40285
  89669 112242  42091 108620  59105
  45559  79165  34207 105738  67777
 123017 111675  99134  61847  97088
  79459  44347 116562  67833  54505
 103071  55951  88095 113257 123583
 110293  42361  45469 105140  80921
  47483 100489  44057  81027 103953
 105403 111922 110372  64091  36147
  39351  44034  72013 118997  32044
  37677  68091 108739 121233  64663
  42773 111196  43051 114288  36807
 118889  32458 119019 123999 123355
 106994 117046 115676 116702  32648
  77613  51381 126253  70769  82503
 112277  52969  65881 104661  36703
  73635  40503 105499  44779  82477
  66875 107806 110820 115537  76021
  82073  50059  79791  76431 111784
  66947 119886  32884  67859 119134
  50587 108383  34481 104544  74039
  34483  46933  97324 124027  64679
  93521  75017 116638 124531  49597
  32636 106467  56555  88217  71347
 108323  96609  97207 105802 116436
  32298  39683  69935 101041 114916
  53773  37261 101596  87635  96951
  99479  97838  60711  94055 108122
  57567  55927 126667 108484  84425
  35891 100593 125099  34437  72845
 124605 121810  69033  44191  54417
  84697  96943  32972 124519 109906
 101417  81319  44031 101672  50249
  92397  59841 117571  40393  89783
  65179  36479  84121  84315  97326
 110336  90659 115814  98065  79063
  64163  72889  66333  34101  51103
  84861  32242  38533  58591 119642
  96699  87261 105607 104422 101016
 110744 109005 100489  32168 115562
 111214  78203 109944 101638  42193
 111410 113003 109461 116771 106013
  68377 116151 110474 108245  38295
  44777 125021  61913 101120  32876
 115342 106591  97310 121172  38853
 115234  46893  85353  44953  32462
      2 102053  65521  36915  87873
  37117 124737 116094 104108 101548
 123263  83963 116195  50491 102315
  32024  55993  81475  43449  99962
 111240  96069  85931  72579 109258
 102023 113803 112202 117124  56067
  42023 101945  60165  97485 126947
  90443  89257  52363  70801  92217
  52121  72891 116350  60311 101968
 114136 107975 113431  32146 116499
  48541 107705 109528  79633  68137
  45243  61277  97764 100448 123773
  57575 101472  44063  54495  32004
 121613  50225  93795  97074 116375
  62677  65891  54141  32756 126779
 117345  95105  51097 117979 109592
  77459  53981 108969  74551 105344
 116945 115874 108955 116478  97940
 107434 102681 122819 110111  86527
  83649  88283 123497  67113 101840
  40783  66015  90535  54933  35061
  58245  68649  59345  47729 100691
  83497  56141 103251  36231  95609
  39523      3 121571  44350 118217
 104631  81553  32556  64335  51431
 106397 115336  41079 116954  38753
 124893 115773  94865  69533 117092
 101419  55715  94765 100344 116149
 116025  68439  94725 121168  89939
  69885  85453  99675  66773  97859
 113751  45669  44673  40967 105514
  95097  90927  62199  60813  68953
 114397  76669 110492 102577  74373
 103842  64889 118483 111349  89943
 104243  54715  40995  56281 121727
  99585  32024  38261  99964  41055
 107673  96563  36531 117569 111786
  74525  98851  67971 122521 113261
  96577  79861  44271  89339  67325
  67623  82465  36141 109670 112626
  77661  92247 117341  56925 119879
  68689  97035  55685 115643 117442
 112841  92889  75217  46885 116068
  66595 105942 110796 103632 100495
 100141  51417  83559  99273  51769
  32316  38213 119198 105322  93003
 113403 101605  98943  49995 108410
 122027 126289  45181 109797 112613
  55949 125663 108262  70887  32038
 104119  68319  36149 112395  83623
  55021 107883 103589  80425 124047
 112170 124489 101697  85151  68877
  87861  48629  44657 114526 111374
 114499 124815  60713  47599  67615
 118636  42311  33965 124809 105406
 100364  53629  89091 124753  98053
 119277  94227  50107 119537 108531
 106773 103073 101136  95287  32218
  56147 122331  86535  87271 104951
 121724  79373  45285 111068  71931
 116217 103571 110923  35969  48969
  66849  77043  65781  99229 117904
  85475  38167  91039  61491  32820
 119181  92883 119212  47017  95209
 115491  84251  59107  84453  34765
  84249 105574 116036 117009  43623
  71271 104236  62371  32338  79205
  90279 118858 103361  78605  73313
  55727  49467  78243 104187 114053
 118247  62737  72787  63121 107809
  97126 122213 103101 108974  62939
 117342  57373  35041  33739  96393
  97966  98316 108972  68761  99625
 118513 101788  34063  96443  51637
  32298  71803  71577 107132  96303
 110898 117167 119805  66917  84023
 113447  35009  95513 111788 119846
  44983  54225 108418  47999  97553
 101298 100404 103714 101098  66049
  99267  33395  82253  63271  46930
  10268  64425  88827 123489  37215
 118313  62679 119981  45593 116141
  92007  85019  10660  84490  43711
  47871  88515 104914 101286  92899
 112897 114794 105317 122015  60359
  39911 101270  95901  44997  97319
 116069 123565  32608 115693  86919
  96399  79389  37109 122105  75607
  97160  45489 114838  99107 111301
  48867  54145  33185  95659 101316
  72291 125843  74703  66927  68293
  89563  64473  36147 104637 121389
  34721 110753  71135  66823  74093
  61897 120313  64559  67251 120963
 125393 122517 107947  83793 100903
  74989  32984  52625 109466  78541
 111198  35867  52401 114282 102541
 101402  50471  38001  70209  88461
  32290 114418  99621  55887 121303
 104869  43901  98603  93841  83213
 104477 113619 101414  76495 111831
  95021 124115  78639 125711  53157
  72993 118277 118715  97468  82507
 125953  80707 115528 111126 110462
  99461 107335 107923  98277  80017
 115132  37497 108525  69237  32518
  74531  94471  90485 116628  58391
  65775  81197 111484  32502  56209
  98430 101884  99867  41365  92691
  66877 126721  81647  48787  99364
  82355  98765  61007 117855 111170
 110479  73639 121543 109136  49083
 123569  96187 102883  96727  90079
 101422 111617  49139  59301  32710
  97819 124895  60399 102869  98541
  91583  40381  97914  32170  67958
 126903 114441 111134 111183 109256
  49565 112132  78967  70087  48107
  40103  98287 102959  56555  65893
  61239 117446  37135  89291  60779
 116520 111309  79139 121083  49033
  98063  89039 123811 101960 105463
 114740 118985  61453  75663  32258
  83458 114119  98953  99084 105496
  92055 101588  33859  42779 105873
  92591 119281  48297  70529 110104
  59113  71881  66493  87753  99684
 101186 105065 106619 107307  96741
  57035  84381  32420  83249  77982
  60817  87803  97224 114821  73493
 113093 106620  94249  96657  58725
 126721  93577  93883  37133  50443
 111860 118319  61959 114078  32292
 123269 109567 117463  97372  36099
  33503 116352  83201  32130 112773
 104755 123185 120071  34103  63597
 121233 104316  66803 116264  56889
  53887  93577 116162  64483 112258
  58256  47670  91657  47542  99806
  94821  70879 111010 123967 107961
  65255  91795 115749 109892 109449
 114919  42703  34567  90863  50727
  64867  84033  91227  77469 112676
 117426  79969 116944 105766 116455
 116657 110702  55969  58363 103128
  99160  78013  62005  97138 114380
 101312  37757  35633  41375  67931
 101114  68029 108115 114230 115742
  40693  46538 108305 122461  51937
  97976  78721  99800 119113  97621
  69655  69957  76983  47561 103927
  48099  66931 109674  65361  58415
  81813  65903  97539  38867  53741
  57109  59017 100033  44661 104907
 119399  84463  46950  87111  89241
 111196  96877 114656  61499 103044
 100691  70099  75561 110657  47728
  63438 112138  70143  97038 117817
 103406 101460  85397  95394 124213
 103241  44725  79511  39581 112967
  37409  34785  71219 115921 120863
  91419 120061  88657 105480 125753
  97785 100206 120293  37603  41639
  79499  61784  52352  37041  46016
  88157  69493  36877  88695  10608
  57871  53991  44199  35315  96799
  35883  36959 126858 107567  80215
  10932
