  89997 124379  35463  63431  55471
  82296 101182 119701 126771  97152
 108857 111885 110399 115300  36385
  47671 107763 109229 104839 118801
 111596 110904  91683  44501  35329
  71007  32584 104151  64577  40471
 110661 116779  75377  67155  73449
  35607  78020  63473  95447 117506
  62491 109100  98746  77321  67863
  48857  50655  94075 125943 103069
  76207 101040 114970  90663  55673
 108147  55355  95069  44271  69233
  81471  60669  94483  56851  59199
  32016 125285 107959  52908  50179
  32104  67913 102698 111316  96259
  77319 113767  88777 114834  61481
  48661  32502 121419  49955  50341
  77800 117493 104387 119229 103019
  39779 116279 113331  42605  97742
  54933  45299  84925  64369 106450
 111444 114302  67829  94801 105410
  46645 122263 110270  62237 102177
 100871  77893  71385  42425  81613
  46377  49841 115137 119601  92225
  34707 103840 111897  41503  74393
  91791 110989  87855  69689  32840
 118117  72705  58473  75083 105686
  33795 110140  32260  67266  43221
 111980  98213  45041 109474  85747
 124247 110755  42539  41857  93081
 112994  85297 119429 110797  52947
  72017  33221 112437 122425  58995
 110175 117892  61635 110865 106217
  73833  44381 116597  89007  62821
  97125 123839 116342  35699 101664
  65507  91285  87037 114178  71697
  52101  32036  83444  99580  38627
  72905 107105 103959 116891 105874
 101370  78781  99099 103845 110620
  97065  78089  99738 101690  44227
  37637  54747 122897  72689  85001
  51795 123245  51399 117487  42021
  88797  58242 101585  86313  78895
  32010  67754 111460 115723 120669
  80503 102485 109734 101645 112894
  60905 115235  43685  40435  78479
 104133 106541  71659 117738  71645
 120253 105253  51953  67285  96279
 108407  53943  67467  97367 103207
 116456  95623 105868  98025  62503
  86037 110780  60303 103836  84545
  58169  72295  46325  69675  33879
  97715 105213  32406  42085 111098
 102910  33223  53661 102742 115417
  53407  95183  41993  80511 101470
 114892 108625  66743 115568 118581
 108519  88917  74515  55243  44531
  79895  55109  82993  76835  32712
  59271 109380  50527  61893  97662
 110018 121322  69615  41777  92911
  32612  64987 120785 116962 121233
  44063  65231 103671  83753  71869
 121336 112496 106301  70509 111219
  95855 113341 101834 125449  60007
 104089  81247  43273 101213  42059
 115012  52129  73531  32504 111596
  63951 125737  89623 102738 117931
 120765  40105  32344 108002  43947
 114851  93871 117572 107767  45169
  40097 102205  86609  99308  79343
  94289 114103 106013 100741 124071
 114562  39599  47727 114001 104239
  83441  80411  94731  58533  36505
 119457 117201  95169  54927 110017
  53935  91089  83657  97506  42611
  50463  35125 116960  37721  33775
 105452 118448  84325  88849 101002
  32224  50557  50941  48937 114939
  66557  99060 113673  96329  97158
 114910 101998  89243  99961  56079
 126567  90415 123467 123013  40935
  95421  90025 101910 114704  96637
 126101 123105  72389  46453  86461
 115588  91513  97053  46215  46118
  74809  91417 120287  10988  76943
  10572  67606  79727  76103  46163
 111680  52277 104609  83723 103287
  82247 111641  79793  90333 105025
 102321 109142  46085  87773 112028
  60901 104835  52565  71859 117906
 124813 116208 105742 115451  57267
  85953 110222  96263  54359  37489
 103204  32240 110203  64701 121059
  96117  72837 106436  41399 120897
  72157  59179  92139 111606 103273
  98898  94827  92411  46405  48673
  34881  89989  67405 115081  44835
 115252  97091  76973  32250 122415
  97548 105627  56055  47369  43713
  48511 114096 117445 101998 123785
 125077  60967  63051  32942 121495
  97940 119379  83281 107771 109724
 123843  86989 111856 110628  85291
  71509  91097 110991 107085  54967
 121955 103186  32630 116872 116161
 104866  45465  47825 110679  66931
  97835 125203  58471 101420  47233
 105551  32204  51549  53369  86815
  49119  41023 111307  96755  37693
  35237 118033  65803 106545 104828
  47423  43693  61083 113779  94921
 105166 105553 103300  97409 104884
 108341 101294  52139  56229  61977
 115906 104397  88729  35767  88835
  90081 111613  90581  52463  89915
  33075  77817  97881 119793  87253
  68899 100397 116720  62147  46691
  52899 107323  41681  55369 101131
 101641  39499 113749  73571  75955
  50219 122161 103685  87647  80703
  53317 103389  96391  66125  32514
 105541  65255 112234 113149  65327
  69433  90097  97634  58855  43085
  45057 119661  93613  93547  69601
  53139 121231 105860  75823  76755
 100644  33919  84623  60567 105225
  32662  76277 103385  97190 118937
  85331  34489  84305 110226  62005
  91777  68117  43557  88955  50641
  99497 100172  93567  71871  32654
  58213  92593  41107  52975  68133
 107959  70639  90835 122141 104156
  71485 109081  65999  97228  59167
 116731 119107  63349 118652 101971
  41739 101918 104789  32920 116814
 104136  84083 101488 103029 111427
  32384 104766 108479 105032  34575
 103704 117935 104938 101956 117525
  78047 113125  58441 105227  67965
 115554  98717  69107  52991 116140
  79977  32146  63671  36723 106600
 102969 104027  91335 111384  73137
 106665 102193  98562 111555 116299
  32892  76677 104381  54273 115338
  70515  43727  76819  86407  97244
  69225  82711  40975  57081  50677
 116856  51083  88945  74421 105792
  90951  67765  38717  44261  59681
 104433 126599  71467  79873 105595
 115974 102894  46093 105831 103567
 119749  97154 116389  33129  79271
  86535  58967  57295  99356 116624
 105716  39063  51909  40375  55209
  36563 104821 111208 110254  46482
  99183 118663  32582 113651  34851
  77877  67578  48877  92215 112185
  39045  81091 119075 121339 122611
  43171 111640  83783 125633  97135
 109142  76023  36853  85695 103175
  79611 112928 117536 117711  97889
 105359  60023  62897  73673  64191
 116596 105838 100867 110140 103250
  32610  82989  34937 110637 105306
 101707  77795  47189 125943  47771
 115874  93557  68455 105633 115821
  63265  32728  58209  60093 111175
  66615 118560  47761  88507 101598
 106615 114702 108429 102031  62411
 122465  49771  45303 121840  94045
  47807  32978 111772 118419  48653
 102150  69959  74129 116922 122639
  91609 103381 101458 122347 118477
  70349  85033  47521  63971  36817
  52607  86867  62289  69755 110732
  32180  34655  70265  87717  72651
 102865  85833  93815  41225  97420
  98681  82385  70023  87581  69601
 110331  96349 118883  82259  44255
 115620  63547  99727  89815 115934
 111102 109645  46249  84507  99654
  88347 105714  97304  73295 116292
 103821 101212 100956  32176  50789
 119764  40765  59137  37839  81125
 114533 105544  96635 116495  60605
 108515 116044  86369 104730  42515
  88573 121015  61269 109733  68425
 108435  48561  33217  65403  32262
  57949  99659  89653 105064 100313
 110858  67423 110190  52533 111114
  65833  73423  78017  38471 115827
  61589  41369  82267  78749  52429
 118602  97586  33327  76321 103335
  49029  72945  90919 109451 122205
 125413 116100 105072  55499  59185
 111092 110744 118125 101993  82209
  50055  44646  32704  56161  54255
  65099  89953  57883  56223  94853
  46723  40063 114357  81955  88517
 117829  97644  66925 110710  50439
 113223  85141  81949  50797  81591
 100960  67937  50369  32604 126303
  43001  89789  43397 123905 107317
 100262  47229  52079  37931  38675
  91771  55447  89611  61697  93725
 101226 118442  87527 101028 104689
  80459  67561 108414 111360 120109
 110469  46923 106591 102379 112564
  69891 100299  72599  67573 109162
  71773  40997  81387  81937  79163
 118067 101320  35523  72565 126209
 110806 116950 115924  61919  61277
  77947  75697  33189 116873  32590
  67269  63991 105646 117057 106321
 117359  60827  54301 103285  34755
  86805  99689 116713  71477 104649
  49159  42911 110536  90937  32284
  86257 112987  65069  99906  59473
 100095  89559  73797  33587 123735
 111668  33365  48253 109288 112322
  81425 102867  92497 117758  42685
 116758 105136  76183  59495  43241
  72031 110344 100577  99951  59621
 103344  69521 118389 121023  32594
 102889 118769  48793  54565  40053
  88587  37487  75493  37189 112141
  92595  34125 116188  69449  56901
 101820 110678  47939 100788  50175
  32810 105701  74987 116576 109065
 101855 111064  32520 100534  43781
 107483 102145 114738  61777 123789
  74391 121729 105092 118160 101910
  52753  41777  48503  59511  32722
  42545  58323  48863 105468 124009
 116268  99559  66325  84833  78603
  62499  46730  92959 114865 115007
  67969  32918 102751  79051 120715
  88367  45147 123421 108611  62575
  84990  97155  41581 104866  72403
  80025  85077  39753 105322  87093
  96391 115130  76647  59415  44386
  97549  53081 110843  54409  59941
  32068 102661  94907  41351  97471
  63821  57233 105374 122051 110600
  32424 116616  75601  55423 114507
  56227  54093 117138 114490  49633
  54811  67865 110378  39229  90203
 119583  50675  88735  88119  60855
 106143  73181  51797  44080  35977
  42911 111573  32814  92901 111251
 106411  36201  85105 105524 121639
  34443 115264  32164  66837 116268
 104170  61987 101984  89695  41855
  41093  32866 107418  54019  67321
 101600 121568  32174  39121  34597
  91211 116686 111354  36769  32002
 110814  97534 116380  53837  88897
 103065  68021  74199  65109 105260
  37333 124257  43483 111160  37347
  79577 105361 110894 104871 117239
  43253  79261 126487 117341 123281
  97770 108058  32036 125619  53379
 100339  99008 112541  35139 111218
  55195 109636  83171  92035  51829
 112644  63265  75961 101878  67599
 103081 104591  94983  73043  68661
 122115  51091  39507  47713 116374
  96673  73069  83203 105900  58981
 116414  44657  59961  78291 110555
  92089  91297 105060  96781 118730
 117779 126763 101696  74617  41757
  69543  70231  79885 110928  99477
 101422  78507  47419 107725 116563
  80549  95811  80959  40409  76921
  34925  57965  40205 122859 126673
 115038 115640 118183 119543 103997
  34589  46222  71157  48367  45581
 120089  32186  82295  46381 111907
 112863  69593 110001  84528 104860
 116857 101758  41843  32614  53389
 109729 112626 113357  67447 111136
  97161  71257 115336  66473  39405
 109965 115822  62751 105938  87913
  80287 124391  81165  95377  74477
 116855  86147 105569 101491 101223
  54063  81301  98684  38793 105880
  41333  42543 108658  49795  73379
  83653 105002 116640  36415 124969
  87863 105898  92943  47023  40439
  85377 101034 115714 117769  32900
  74823 108795 102184  84239  75757
 111172  56741  54521 114268  61205
  57067 118609  32062 102752 106333
  56395  40249  65115 117282  65561
  91849 126471 104667  97297  88581
 104481 116066  38669  45539  48573
  60837  58503 117602 123629 114134
 117489 122053 101976  48491  32018
 109589  61179 110053 100702  98373
  82837  91237 104497 109177 101408
 104945  59185 118332 101836 110291
 108768 111912  45333  47903  74307
  54461 112662  78125 113535  77377
 126285  69575  43715  64267  66811
 109192  92559  86707 123697  47589
  52597 110157 101256  85239 110865
 124081  73305  50175  40581  92427
  42357  67341  43857  77033  34227
 110102 116288 108983 103215 118017
 115870  95423  92445  32380  97288
 103623 123257 114756  72071  99243
 118609  83611  98207 121737 107081
  67797 103309 101198  52895  70229
  80671  64977  32070  49287  53351
 101502 121509  49969  88645 106745
  75481  76771 120058 112366 108579
  39545  51569 101634 121455  35777
  99888  86631 116524 125495  49185
 101844 100862 120191  32888  92221
 116938 111586 124041  79083 105197
  54111  45829 119969  52771  33001
 114473  37759  32144  98598  39379
 101630  57627 112641  32898 101920
 118372 101332 120021  50491  83329
 125397  55461  94403  95505 104187
 110894  57603 115411  99205  43419
  58731  75301  97899  69685 108543
  84215  59603  47445 114313  61423
  78103  64471  94033  66451  67465
 116857 124939  32472  61503 102379
  55149  46909 103308  97881  98109
  47787 114498 101694  97090  85423
 113045  54681  55649 116376 112495
 101990 114453  40359 102699  55451
 111049 104733 123271  36307 114446
  73359  32942  73841  83533  76065
 116564  55565  89831 124603 126871
 112171 124657  93853 104942  88641
  97498 124783  35769 110704  91145
  99177  32732  98627 116812 104674
 101126 110751  67937  48975 121130
  79147  77055  32848 109601 104614
  97406  76017  36401  48701 121719
  56273  69849  35175  72375 118656
  93921 101520 114781  32946  58955
 112123  65223  98706  36541  88811
  51709 109023  45225 102939 101890
  75307  34049 101374  33533  76949
 123917  58359 110944  76209  75577
  70065 103373  32540 105536  33545
  75523  85311  67037  61235  98501
 115373  34533 110566  32208 105033
  84421  88005 116880 107959  75377
 104510 101554  49093  32340 112828
  85233  88341 126233  93277 119047
 120263  71559  97342  84807 116803
  64491 111297 112321  89419 115486
 116296 125565  74919  46778 119945
  87657  45165  87839  69131  10586
  10248  35653 109255  84416 115325
 121639 104912  92761  99315 110291
  65931  98929 101181  87165  52673
 112827  95275  76045  72823 107729
  76155  33443  91125 101402  99539
  85881  53911  80885 114214  78597
  33013 114605  43451  95953  63979
 122035 102091  77127 107525  92303
 101200  70291  32176  97470  57691
  60575 101513 100529  47265  64451
  62831 123349 114274  91031  82809
 101426  67475  36107  35783  32232
 123535 109004 107973 111082 114368
  46631  89105 101268  46291 109857
  53387 113591  32658  44731  94973
  34697 114658 101710  97872  61915
 115210 111386  80291  74433  82727
  38813 119467 116713 110462  50463
  83567 126743  46493 123079  63833
 115784  94383  32656 116002  83623
  94975  53383  88639  43109 116777
 116153  94633  90337 111810  96745
  32320  86311  98260 107065 101748
  45143  61501  99822  38057 122671
  99095 111490  85045 116533  52485
  95213  93965  94947  57783 109720
  65629 101212  32132  97652  32048
  81349  82835  91719  62319 110679
 110037  67174 111430  90873  73517
  85755  85595  35981  92039  33373
  40705  84933  34463  50243  85729
  96575  36417 105735 109592  66033
 112278  90857 117586  34393  87085
 116170  41781 122685  67715  91117
 101718  69255 126367 106417 105485
 114802 121215  96705  32492 102401
 105917 104745 102193  44411  92517
 110543 114489  46405  83172  79531
  99964  98415 105708 101754 110686
  57901  47169  99830  78701  73347
  41293 124281 116857  68725 101454
  56377  74977  32796  77220  97170
  72301  38461  62933 106146  51233
  91247  54475 111174 114848  41083
  32774  78533 106897  97174 116820
  60585  32386 104272 116920 113977
  47679  60953  96601  77613 116670
  60691  98327 104415  89031  48085
  56543 115605  62153  52953  99743
  61113  97855  75085 114013 119217
 124379 112451  98115  41703  72549
 112803 112368  92561 123821 103549
 122219  58952  66231  89911 119601
  34689  47444 113859  79559  73219
  47700  98543  55445  99624  73905
  67049  40967  41853 111722  49077
 106207 109110  45731  45169  70107
 112816  46949 104959 108649  60409
  56493  55547 117940  49311 107479
  47517  51671 113813 116696  87907
  99645 122307  68401 105982 110910
  72395 105681 106715  63189  72187
 112181 103214  88785  64935  99764
  55947  91471  97416 104997  95359
 112623 114202 101888 118279  59927
 101156 114196 115557 115328 123689
  46752 108873 116477  97266  70325
  99110 109944 125273  44649  46724
  50349  86577  99971  98777 119371
 111778  91823  90311 104875  39671
  88147  98267  60933 110189  75067
  84199  98691  54931  79337 114180
  97439  74583  50385  55693 103618
  50917 117537  58099  62437  47400
  83315 120821  63962  74909  67113
 100669 112604 124309  97230 103836
  49119  50985 125053  61923 101322
  92497  41711  50215  47431 101729
 117201 125379  95270 122667 113501
 107725 126259  36835  63847  65073
 100423 101925 120359 122407  39745
 123165 107707  70069 125121 105144
  70319  72189 100766 123593 115681
 107333  71613  61010 118603  52628
  73811 119219  77029  76837  78323
  72641 125013  46642  38123  58557
  10610 112571 126202  80781  46415
  63705 126939  73937  54957  80419
 108875  42871  10594
