  82738  86505  64007  83223  62687
  89599  71547  96977  70657 100295
  37675 101978  84021  97042 123597
  90049  50629  83359 114689 115166
 111102  85167  73965  65595  82079
  36083  94371 108045  87867 110234
  52039  91065  51593  37387  85005
  87049  32974  83907  87525  94263
  78368  99635 117848 117403  51469
 109928  76837  68325  50935 116537
  98424  95111  65415  61775  82479
 101308 109191  56515  49743  48009
 114140  32768 113831  51002  40879
  42991  97723  75747 120999  32284
  38679  49775  55085  51317  33627
 102228  82641 111712 114386  32914
  92659  77430  33423 110785  97334
 124037  34795  43385  91737 106498
  87005  40745 119269 111372  93841
  83317 110135 122083 114046  99403
  71687  68371  76381  40177 105574
  76583  81993 110554 103808  32308
  71793  51263  36013 101073  99103
 105624 110634  48379  32482 126645
  90125 106639  52893 114657  67936
 112999  67123 111004  51557  94727
 109984 112574 117710 116580  73233
 121663  35107  59173 126521 101200
  55549 114655  54557  50223  34849
  76771  89537  86071 114864  32410
 108165  83504  38665  72953  60333
  99567  99052  91603  65351  39283
  34975  84447 105490  35695  87701
  87823 103463 101568  83425  64939
  92381  75503  85457  60811  47545
  81147 110416  99514  94459 101074
 119245  58110  85147  84841  79019
  68149  60253  97867  79689  85943
  32790  49159  61577  67296  76501
  64173 123245 111316 109356  58263
  80619 105911  83731  85947 112594
 117832 116330 105852  34343  89147
 110618  87971  67963 103126  87021
  32528 115655  63875  56293 101896
  85493  42285  58187 119433 119785
 110982  79167 111953 108381 107689
  74519 104067  78687  54365  97154
  68655  98027  97827  82943 116053
  71271 109745  42183  98732  47269
 108358 118765 106925 101732  82425
 102805 115952  82263  63411 122611
  81991  32346  81089 120073  68741
 123789  33141  55357  97473  58441
 121704 125819  66319  47899  96745
 123875  69635 111152 117958  33349
 125007 106729  32674 116140  36699
  60761 107243  84627  82971  64791
  89015  49793  33379  80967  42135
  63817  96215  42879 111022 109283
 122295  72707  47501  78083  91721
  42603  98555  98159  36621  32854
  35831  50007  42151 109622  45603
  97044  70781 107518 122049  35495
 101328  91969  82753  59217  79625
 102875 125595  89285  79883 124283
  82239 100677 110769  32204  74343
  97136  83451  82409  52629  85867
  94655  87407  42505  32488  75313
  97991  83497  41645  66827  76191
 112478  90719 111482 115704  99443
  57419  80073  92583  40593  33929
  54097 105726 122023  45567  47817
 114085  73267 116654 107031  82887
  81215 105950  98815  90735 103163
 101813 118896 101086  45977  32516
  92285  50561 100806 105654  80027
  66345 102794  80045  87983  93553
  88775  75761  42309  47017  37055
 102524  49473 101600 114578  69431
 111989 104349  49819 120365 101574
  65101  42125 110400 121725  93057
  62257  72155  39929  48323  67275
  85185  41427  77239  64763  37571
  68505  97591  99406 107909 114225
  96279  34527  79049 101340  35697
  72711 104795  32484  68965 105346
 110568  32304 116308  41581 116913
  89577  96181 125821  92445  73185
  55477  96385 121147 104146 112299
 101008  52111  63015 117277  71931
  32902  92093  47149 119360 104799
  98611 111496 116855  71225  99929
  49881  83321  97523  70803  66149
 114402 108716 117023 120049  56875
  53437  36351 108355 113003 108077
  54475  73367  95873  85671 100910
  72993  61873  39117 116937  48615
  52531  46500  71409  10344  53383
  60187 107571 124671  61965  75253
  71579 107047  98033  10340 122801
  94607  36429  67986 111050  37971
  36675 108743 109574  94271 114695
 112934  90767 106351 117794  78237
  44785  68373  92811  39291 112829
  67353  90479 109475 120057  72559
 119645 116994  73979  92219  42777
  48295  77723  53223  47609 102409
 105866  48299 110142  70663  81709
  46545  89633 107113  55903  99039
  97635 103726  73233  60191  57489
  73151  77871 118877  79545 104371
  57517  32898 108033 100202  77277
 114796 101397  43975 108871  77461
 105100 118074 101288  66487  94853
  46269  80723 122025  51609  50165
 115070  32412  92329  64953 111445
  54143 114115  51551  60945  86223
  73409  38945 105770  73475  42441
  99667  82725  87901  51997  67817
 123781 109345  61015  48205  63575
 102127  91601  38259 110844  90911
  69019 110527 110554 111792 103579
 118880  45883  33171  55395  79385
  79495 103153  74871  47159  97004
 116908  35145 114383 118769  77533
 105386  77473 111484 113403 110152
  82693  61201  73955  67703  32204
  93629 112099 120301  92299  88121
 122843 105464  58327 117755  39067
  61837 110466 109601  40603  72813
  32084 116534 108819 104850  94993
 101568  32656 119709  51231  54725
  90801  89361 115100  44765  99658
 101475  89181 105572 101914 121813
  68865 111449 110040 123433  57839
 111459 106107  70135  61831  48223
  50599 123157  39403  69517  63939
 124897  67119  99256 101074  75031
 108337  59747  55141 115349  61085
  33109  36899  39411 114905 115702
  39355  81289  91143  77841  71015
  32754  40994  38573 104858  47363
  41923 105359 117836 109956  35065
  75279 114765 121645  94341  89387
  65859  71399  95927  87307 105355
 117403  97592  82513 110362  46519
  32664  41339 119529 103602 101162
 125637 105181 113095  76385  42101
  85529  73747  77051  59971 110838
 111560 112523 121621  79625 109068
 123529  48221  38457 101422  47953
  64771  32774 112214 114542 111510
  56667 106529  51985  93359  65507
 106400 101229  37627  43135 107121
  38115  76445  39203 122803 101728
  99050  71019  83825  99873  59145
 116510  44306  32190  65124  73472
  68146  92891  83560  32378  57357
  70461  41319 118440  68563  62369
  80031  75991  60583  40223  97768
 107707  66951  90427  84109  99028
  81201  69255  94507  99236  34403
 106799 105266 110442 122909  91629
  37929 111639  91115 101954 100549
  44951  32542 114230 101556 115522
 106729  57741  75789  85539  37153
  90549 101976  97060 121997  86347
  83771 114614  78437  71803  86473
  99178  57841 115817 118389  66537
  39283 123865  44607 103257  50339
 108247 104150  44004  57365  65711
  32146  60111  34813 101172 117269
 110878  54939  39097  65163  40471
  53679 118804 110719 105568  42055
  68599  35925 114424  37033 109227
 118641 111560  93627  45013  94317
  76389 110684  43711 123113  42817
 109315  33339  58379 118825  79313
  34525 109700  57135 102055  55921
 120439  40047 101784  92059  48353
 110656  75873  54305 116602 116249
  66299 119623  67923  97014 115919
  60825  82527 108346  84705  47683
 105247  82935  58755  85523  76489
  50043  95961  83747  32880  86733
  71381  41387 109138  44863 111106
 122009  46937 108101 123511 107309
 110084  34939 105830  68603 116616
 104007 111950  57377  92481 116811
  62411 114450 119959  97509  77497
 126693  81739  53025 105106 110270
  93107 115407 103102 109607  34161
  77313  32618  65453  68851  97456
  56675 112149  45025  50023 110994
  94745  34819 104431 118325  71419
 100984  73893  32170 125291  76637
 112262 122837  42245 121705  37993
  40127  72921 114928  81483  48935
  43413 116167 111140 116308 101562
  74411  95307  73061  62213 114817
  57367  57251 110747  99792  98383
 104501 116142  99087  43069 116935
 103063 105448 111380  98685 120709
  95377  83203  72817 110402  48169
  36511  72659  88933  59993 108121
  32368  62025  60237  66193 106710
  79973  66199 111291 122299 114925
  63573 117364  83815  40373 115214
 105805  34419 116618  32074 116604
 117257  45921 121159 116703  84605
  93805  34853 100479  87911  96613
  49161 111328 114647  32138 109170
 101076  47639  45509  68475  43143
  76133  53221 110270 116370  85973
  61199 120113  99911  86841  39133
 106077  87535 120629 105030  68377
  84905  40917  82639  78469  36857
 122925  73289  57075  37195 125401
  83061  48473 110327  76123  49097
 111918  44261  71973 110242  32070
  46145  35153  88475 120935 108381
  97730  32738  87393  36369 102214
  34519  69393 105733  37109  86491
 122543 106459  90249 101590 126189
 104063 115363 119224  41478  65759
  54577  44480  70607  53801  87805
  32526  84597  97360  67239 110088
  62143  83257  81731  75971  71109
  41051  77475  50899  46415  50403
  56117  87441  47645 100126  58833
  49975  79775  32460  97514 100997
  95141  76527  89243  95851  94833
  94065  91827  83025 106121  51373
 117697  60633 114737 108908 115582
 110985 111908  80267  97599  44103
 106795  39919  71435  32430 117093
  62471 105324  49357  85569  71775
  88055  71953 110504 109123  66109
  89279  32584  80001 101024 110816
 103500  71397 105604  46383 110736
 101368  47683  67869 123361  97441
  63687  78163  40013 101914  42883
 112407  97013  97811  92737  39845
  35513  84627  54323 109949  46299
 122137  94439  56475 114636 105038
 108043 116287 107381 113261  76805
  84043 104455  38563 110032  57371
 103176  44068  32446  92097 115833
  98796 117908  43125 115066 107391
 105946  48637  61557 106917  78309
 124233 110318  41589 107773  58215
  78551  80293 124349 101694  59505
  60709 122735  33059  65503 122759
 115822  33565  81687  64187  37737
  69327  36213  52441 109877 110517
  91211  64001 115980  44620 119095
  87691  49967  50195 121337  32158
  94679  41769  93641 101390  93217
 110616 108505  43439  35599  88439
 116554  89539  47337 101526  47731
  54959 121977 114084 116650  68653
  97040  86607  97977 105866  85711
 110794  62791 124265  75513  65627
  71567  91351 109246  81783  53257
  69671 123491 118329 106839  78291
  74851  62119 101032 117101  81373
 119557 110420  47011  92967  56725
 116074  57695  53923  32068 101153
 101873  70693 106391  97222  39353
 110158  46159  83797 119859 100214
  35845  61831 119353 102289  46793
  90059 125347 101465  62373  56519
 101509 116059 126385  94451 115931
  32918  82077  61341 101412 102907
 114957  70765 100694  85927  72831
  53293  86943 117074  99880 108539
  35501  80109 124903  97532 116312
 105630  52323 111082 110796  96077
  46722 103389  88605  82061 107441
  94383  88923 104385  32246  57503
 115809 109377  91803  73482 102694
 107401  60451  32618  61499  35425
  88251  52597  76589  68193 121532
  99515  60519  79299  52579 106467
  57791 100113  84371 111834 117054
  69083  32316  45357 119284  77179
  75717  51617  97734 106817  51167
 110702  51519 116506  45991  32664
  96279 118761  50293 116524  97011
 111646 126047 114727  32948 109808
  97032 107268  45991  44393  48145
  42917  77051 101186  32496  62845
  41093  44467  38729  88621 115029
  97300 102523  72049  32684  98367
 109133 112262 115067  95883  91487
  72085 122901  53961 121695  47511
  57567 111148 115944  49589 105656
 116602  34935 105992  55531  42317
  98665 118040  37957 101624  32388
 122025  66395 100364  77083 118037
 120501 104359  73025 105862  47681
  54851  90247  71465 102512  48615
  72983  86749 102424 101744 114946
  60351 104093  55745  52371 102359
  57975 107247  59599  42537  75473
  94801  36275  44969  64807 109665
  34057 101696 110468  41755  75879
  99719  89347  99940  67299  60845
  51355 125733 101502  78989 123623
 120785  58049  32592  43867  94545
 105216  34485  46419 110964  39045
  57929  38195  55683  49465 123625
  32696  56917  38387 116394 118213
  99927 104386  41169  77729  70101
  41763 124905 101164  32478 119320
  64139 111990 114614 108812 100342
  55927  72587  54027 113905  44830
  85883  93307  32858 126735 115774
 117521  61621  81727 110013  76241
  79251  80563 120555 116858 117046
  38113  77993 100746  77559 121244
  32680 115311  41029  48591 109563
 118171  99344 111292 110165 109582
 123747  91651  33285 112044  37475
  89985  86411  57839 117022  33727
 116388  39919 105486  58057  89623
 110798  85621 120351 103978  62687
  46698  10972  10326  76635 100957
  49421  43285 101333  89751  33887
  81581  90511  98505  84996  39655
 104768 109415 101884  74589  98833
  64353 114506 101374  42651  90215
 115455  82491  39927  94951 108579
  34365  54145  32380  44931 108193
 112705  97362  63901 114232  34117
  95695 101208  32002  37125 118223
  87771  37631  37631  99691 109518
  61323  97325  98265  36077 111714
  62221 114082  97409 111299 115327
 116661  49641 107215  59753  81785
  73437  39023  41785  77079 101302
  32316  82877  44601  46043  58409
 126263 114290 101572 101805  63983
  68793  97624  66019 115454 126173
  99575 117403  57165 111220 126661
 110750 118153 103959 115021  61825
 124523  77633 115092  92605 116729
  78761  32892 116850  46221  57805
 111374  74071  32150  98876 101324
 106195  68897  99016  87877  64929
 111924  75507  62377 108637 109960
 114325  59925  58485 101268  32916
 110593  97038 121011  44563 114741
  32126  87379  53941 117923  43357
  95365  76407  83327  67534  33511
 116027  66521 111410  37115 100063
 109528  44151 122701 112726  50261
 105695  92067 117854  71745  37681
  97553 116520  82607  99905 101860
  70171  80097  88325 114690  54803
  35061  68983  44451 109069  32274
 118069  83718  35709  99272  47277
  56775  47849 105950  39913  43671
 101694 114885  89395 110632  45933
  74391 113507 107575 123913  92607
  99980 101444  60415  32986  42695
  55241  77268  85235  63391  95579
  46117  67445 114697  36911 101305
  81109  97096  68405  49795 106296
  77747  59525  97839  66109 111092
 105887 114290  77575  32628  74581
  39519  94127  37013  89351 108759
 116119  66571  97400  87431 117701
 116986  32754 104386 116944  68229
 116191  58513 116838  89129 112442
  58360 119517  47464  69013  49877
  55159  47574 121005  99274 105075
 111400 109108  90515 112204 117568
  98777 116626  35145 113227 105520
 122153 124111 110868 105489 105505
 103509 103068  99036 117397  47313
  34271 108171  87775 112925  97488
 114932 116841 119925  55711  67275
 101226 101568  35337  81801  48753
  80221 112057 114146 115154 116681
  71119 106979  68547  46636  42585
  38931  62073  97702  88987  50345
  35769 111985  36283  99438  65005
 109151 122747 109986  67023  86257
  46826 113971 102695 111136  34575
  45543 114104 103140  34617 124755
  41659  47330  63234 112612  54131
  97786  92801  56521 104727 103058
  76737 101018  85831  49991  96857
  98785 119191 111485  68877  57347
 116433 118955  95385  95546  52431
  65621  36917  44659 105444 122485
 112087  58753  98599  65479 103827
  47553 100542  65549  47547 101115
  61064  52160 116277 120875 126065
  46803  46768  38459 107967  10526
  81375  52713  51643  76433  70391
  79323 126088  95405 107883  36171
  42021  40641 112411  48675  10542
