 116535  82032  42981 111657 101006
  60943  97052  96119 115874  71441
 125451 111578  44925  53815 110116
  38043  91513  60315  88881  32848
  48445  67733  69433  44841  78340
 117100  82433 112101 113601  97041
  58859  68149 109116  98604  51499
 123169  42705  78163 116511  39235
  39701  86063  39655 101492  67353
  84369  63011  35189 114294  32568
  54602 125765  92435 116009  37229
  84553  34513  32966  82903 102682
  85563 102327  88405  43675  90755
  86935  89455  97543  58699  95469
 110171 111912  51535 114758  32130
  77368 125601  97960 102513 106428
 120759 102607 119697 119669 111314
  44345  46511 114730  37193  98555
 103977  48183  83523 105781 105746
 104011 110998  87461 126381 103806
  41633  32742  74259 101479 101419
  44533  60495  99667  51343 105358
  40463  34145 110590  32608 111077
  86999  60157  67700 112697  33953
 106759 111838 109462  78893 112544
  52057  60249  66531 103557 117990
 116190 110569  72667 101770  79935
 113469 114120  90255 123305  93735
  32392  71523 103011  35479 116233
  83030 121829  99500  53989 105796
 101430  68835 110908  99752 101442
 126751  89335  58844  32960  99481
  69382  53895 120770 103193  89003
  56871 112350  90175 101496 124675
  43751  93465 114400 116238  76279
 121793 105554 115380  75607 101390
  86371  41185  77857  32094 109399
 105976 115013 110510  38649  32872
 111173  81661  99360  34055  63759
 111646  65559 114799  89569 119871
  65201  85355 117845  43843 109520
  70299  38235 112946  86569 117482
  51069  89557  91753  60949 116102
  47325  73965 105652 102455  74461
 110016  99151  96653  42445  70999
 103382  61147  58549  94661  32160
  82733 104572  72583  72331 101850
  88577 108546 124509  76059  90541
 106607 112470 115674  93205 107203
  96385  82277  32922  95807 118947
 121746  77397  77813  94763 111790
  34785  49221  63813  71973 117474
  32520 100717 101182  74091  71099
 126733  62605  54953 118200  54583
  39853  87207  43797  79705 101478
 110894  74405 112187  32222  41157
  44987  97253  36977  98023  86403
 103631 105990 102210  88965  94429
  85665  51391  32912  65147  77383
  69563  54389 126457 100511  45781
 121358 111886  63343 121337  46671
  64223 117216  48273 111929 114490
  65437 100019  32644  49443  48171
  63063 100073  45155 115573  42135
  75063 126349  59669  92043 112034
  77493  84259  58933  98043  43127
  40193 114754 105124  97511 109476
 122573 106953  97312 114924  55273
  46829 121164 125315 109027  87677
  57951  32388  84555  44087  99736
  92933  97338 114864  93997 105325
 101928 101496 113379 114094  84649
 107099  32104  69809 107197  96927
  99734 104130  56211 112691  79033
  65981 111588 100145  56315 105596
  99460 106325 101812  32946 105422
 102013 102491 106687 115508  32968
  50471  93951 100859  63025  56399
 115616  83503 111700 109264  51939
  70563  79053  71437 101840  88083
  62639  78443  81601  42113 118067
 117267  61997 100091  54081  52333
 116584  57417  92869 104064  82649
 105155  74937 105926  96929 110832
 125517  63113 103093  69687  97943
  80447 103940 105837  49359  32806
 101124 108956 123925 115158 123389
 101906 100773 100177  46064 117395
 120253  54107  10290  10824  39093
 103559  46775  72484 126565 104269
 109833  67191  37031  45167  97574
 118542  60649 105694 110430  75607
  79273  47831  42469  40205  34465
 123769 119513  74421 103356  85259
 121677  71549  93989  89421 116319
  44483  92721  32760  35493  45299
  90953  97388 123081  32498  38077
  46537 125215 117253  33255  43421
  75607 109221 111035  43945  38681
  84037  99750 111328 109568  49573
  91265  43619  76667 117811 111427
  94457 112094 117970 116216  51751
  65253  62975 105802  93681  65433
  75841 110680  44165 119911  94239
  82793 123175  40489  75581 102319
  90057 103888  32284  47995 109836
  53473  96069  97148  41715  49671
  39855  55919 106562  48709  40557
 111684 116093  81469  42515  73631
 120315  64897  83779  85627  61811
 114482  99021 115231  54869  48629
  32550  54795  66799  68825 119704
  57885 105548 123529  39325  33201
 105603  38757 108368  52545  91193
 100741 108470  32666  34803 112400
  68615 114588 111626 113317 122931
 110469 118554 105574  50455  55973
  46117  53749  88313  70733  71599
  63615  34333  48949 126681 103519
 100854  46063  72073  34661  35395
  71571  49091  62077 101866 118319
 124361  66743  89789 100893  32986
 126449  80875 108769 121126  69413
  61175  33529  33731  39785 111782
  46721  89933  36627 115687  33367
 117546 115377 113813  32258 108815
  39193  94131  79515  89101 119260
  79219 105702  80993 116172  77159
 104752  90279  32406  58301  97684
  87405 108335  90209  41275  33931
  42053  32308  35085 102142  37613
 111994 123175 117392 108893  44037
 110804  58851 100054  97490 117831
 116548  84095  58655  58365  79395
  37931 105464  48199 120637 111116
 104273  42331  34973 110844 104401
  57313  57705  61953 109331  32662
 124693 111458  47337  91007  50617
  73289  59601 102572 105059  99703
  99735  86227 104647 114153  55415
 123211 126065  39979  47893  32478
 118387 103957 107520 110298 112121
  69207  37291 111984  92147 119396
 113517 108802 122631  52319 101120
  53233  58719 113005  91487 100794
 103928 101266  56745  43663  97703
  46161  50425  44612  48089  32556
  65323  96119  96157 112994 114600
 111714  80755  54335 100737  95763
  50001  98736  76383 117319 108590
  88873 101176  61045 101971 112119
  78943  64071  86171 109980  32556
  75765  84201 115190  69715  60807
  83131  96899 111366 122423 108516
 124175 110847  60579 103729 121995
  98317  78371  77431  41225  99239
 118074 105390 121309 110182 100223
 103600 106211  72575 115031  99733
 103995  32226 102601  41507  97316
 115259  66287 110682 100046  32792
  44707  63153 108840  91735  95205
  99509  59431  55717  61441  80787
  60299  40309 111590 109895  35419
  66733 111333 103850 124965  49383
  84757 117089 100169  53491  93351
 105072  99286  76595  97572 108986
 111829  32658  62039 106161 116382
 101513 104492  83149 118329  79745
  51627 105224 120253 110674 116975
  45191 107088 105076 116461 115143
 110634 103340  83577  72923 112105
 120583  46361 123943  32378 110175
 116506  86519 104398 125327 108405
  71765  69315  63309  88101 120069
  96763  97116 121361 126171 116044
  94387  32988 119478  46901 123357
  63675 115641 105068 108138 108468
  60007  78681  61485 106205  54403
  89727  69129  43951  85403  68859
 108341  32558  58689 115948  72739
 101956 114538  73465  85399 106107
 118156 126843 108685 101718 102715
  64183  82835  71107  66761  48431
  86259  32580  98379  90083  89023
  96943  47875  55259  97786  69847
 113211  38143  84095 115026  93829
  32350  45515  61371  45363  64929
  58681  59247 109855  97050 110511
  66725  32240  96191 120771 102819
  92957  41185 125097 114067  67437
  99916 111944 109972 112280  97637
 101106  49579 116486 105910  57679
  53665 116608 105336 117559 118828
 101886  32526  86519 120585 121109
  34641  97800  82503  98111  66853
 100560  46131  39975 118034  97642
  90835  86871 114697  46107 124807
  70229 110928  56503  41067  33565
  93363  83325  76607  68525 124821
  69381 121079 100461  54629  60037
 116162  61787  67257  68773  97516
 116181  88007 103798  92775  37657
  34775 113413  70733 118031  52255
  37995 100449 101274  43091  86481
  32196  72441  99051  90505  51839
 116620 111758  32604 121152 111772
  77443 117704  92327  32822 105548
 111381 110426  99017  77011  32392
 121326  61571  95631 124833  51643
 111292  95787 109093  51945  96063
 116341 101097  55843 102245 117084
  64127  35783 114912  32702  71893
 122477 125743  54297 125175  43531
 122755  99986  52183  75829  38537
 121061  97196 114524 101592  34295
  97787  78661 101214  95455  92533
 114996  44971  44084  80537  53673
  32996 105766 102321  57583  85189
 110682  64073  63755  52073  40911
 119207  68101  85215  84969 126221
  32942 119764  53329 104736  90063
 125857  93487  52979  97292 107527
  53663 113545 121599  69825  42861
 120069  70443 116256  40835  34813
 120333 111867 116159 101942  84513
 111251 113591  41395  66191 107591
 124593 119329 118062 124283  94167
  71145 101186  46479 109763  60727
 114100  32742 102186  67243  46509
 108699  98481  47989 103103 105252
 121251  67185  81715  69565  55953
  59775  53649  91031  76653  69577
 101992 108468 111629  63971 100176
  32798  57533  99129 121130 111998
 117522  82909 113791  32496  99336
  38253  38667  84741 104838 101215
 111663  72127 102195 111744  33345
  96281 111090  59635  92925 115184
 101182  65793  96891  46248  44605
  10172  54417  74885  88615  10010
  33637  49513  84940 104286  37307
  71425  78233  94709 101366 106781
  93125 114550 101948  70911 123065
  61887 108167 112887  32702 102317
 113703  97712  81085  86379  43651
  65545  51529  92785 120365 126475
  69929 114322  83625  78093  90799
  51183  55899 119189 102063  90737
 101224  68281  88243  32016 109658
 111958  88049 114510  88527  66633
 101196 110197  81245  57559  34537
  32332  34305  60313  80825 121267
 114346 101392  81491 119861  40563
  97286 100253 103375  85811 115359
  98599  64347  90493 125939  82157
 121907 115784 111036  63661  54241
  92445  60521  71647  56415 123755
  55623 110224 115196  35875  32614
  89169  40633  52811 104249  42591
  89049  44215  95379  59265  76059
 116552  54035  48679 111608  47169
  32098  98102 101100  53793  44955
 124599 108225  84009  50897  76807
 105401  81055  60081 125445  99970
  42793  71971  69421 111724 111237
 109826 114849  50453  51563  86763
 101234 122079 111627 115525  32392
  94465  53969  75561  57011  61241
 114029  97710  32832  67644 106035
 123053 106863 110047  46047 107241
  55129 111720 108471  98983 109322
 112150  46429 117674 116812 101374
 108593  75061  93701 114472 114437
  86705 100749 103849  32122  87543
  45781  58755 111927  83792  50459
  65289  41813  65247  50177 119073
  99942 105280  34715 101360  33043
 110561 110570  45643  74479  99198
 120811  59427 101014  91843  88427
  32748  77040  97976  69993  95023
  94895 106736  87791 103631  37595
  49627  42009 107763 113867  51697
  81045  68981  72367  59755 104037
 109391  81951  38517  35121 117369
  68041  89707 106311  68823  42723
 112689  85271  34533 103595  70263
  92047 116703  35277 113285  39389
  44625  74127  50591  49463  79107
  91895 126407  78677  41997  58123
 109907  99895 117151  72149  43641
  96887  85543  39669  94315 111566
  93337  99091 108981  55843 114024
 110943  32322 115613  89133  97600
 110043 116876  73697 108431 124479
  32112  67009  35623 104428 107355
 116216  89355  44367  40005  35425
  69531  84285  88189  80389 116088
  75831 112780  92989  94683  95251
 106701  94221  37921 103187  68341
  39039  84387 105555  69401  58910
  50641 105113  47990  42787 121275
  94289  83101  47554 111177  98803
 114801 105483  75747 116289  75161
 125283  82689  41033 110903  51833
  55601  99862  42831 111092 109638
 104673 117265 120281  72241  75503
 122837 112882  66601  76075 106473
 117884 112927  59027 116310  94989
 121907  59523 105768 121577  95409
  67023 124415  38623 110556 103556
  99400  97240 114398 101092  87863
 101948  77267 114404 121399  89553
 115112  46576  97764  99862  45909
 109658  46270 111092  50445  41493
  90395 114604  79259 125901 103142
  47296  63090  72721 114021  85385
  88561 112280 125977  90653  90849
  97974 103492  71433 101696 107675
  95378  55971 105850 100182  99923
  71553  87767 112405  47681  46253
  89635 107519 110111  44857  73429
  56543  92579  34401  68689 101935
 125347  61286  84191 117821  55607
  48487  89233  85717  52686  78467
  49203  46560  68745  48269  99329
  83081  94189  39523  10574 119047
  40181  39735 121011 102709 126384
  36315 125777  33767 109975  55003
  76797 106879 107917  10204 100483
  10506
