  75569 106197  36905 115161  92963
  43993  56105  82598  72631 120865
  91157  43025  84325  63919 101988
  72115 106611  74651  55601  36733
  97698 125391 115198 118177  35985
 126301 117427  41325  55217 109629
  66945  83649  66147 122215  93917
  66209  87851 111774 119025  82085
 120827 110860  49333  64447 103537
 123437  32912 100455  78976  59853
  61675  58693 117660 109946  81929
  87429  74377  76955  96575  98472
  74603 101736 110633 117019  86917
  54367  73317  91279  82705  91447
 125465  35825  97307  44087  56737
 103349 114409 123643  89895 117713
  72063  64439 114150  83821  32604
  53642  50491  35061  71885  33829
  43361  64933  32452  88187 107381
  45335  56691 102230 111610 114558
  38617  43819  63003  32718  34711
  68457  77306  70241 122075 110715
  52395  87555 113241  57905  34301
  50645  97042  43433  34977  70983
 106238 111634  74441 103501 105441
  70489  81309 114512 105644  64221
  87727  83237  73195 122095  86297
 110214  86721 120573  40521 103500
 119241  53147  35331 112227  50949
 113467 111237  77831  47945  32236
 105412 110792  38075  46519  32984
  76583 122681  48001  67352 124601
  55303  79501 111546  96513 109164
 112928 116883 117356 101923 124867
 115701  97559  63005  36675  37347
  84383  50245  57699  50563  87955
  87443  80925 116577 116712 109667
 101546 114830  36479  50569  82205
 115661  37631  38791  32362 126175
 113893  83436 126171  99962 105754
 101882 109895  88737 110106  38479
  88495  61171  63669  99024 107451
  87971 102947 121701  36655  60391
  68809  85785  59413 101110  58428
  96975  32232  97845  52335  71097
  67880  72827  94557 122059 102685
  57055 111624 109342 118335  54193
  60357 112120  34191  94431  66587
 117016 116386 112903  93691  36039
  61601  53765  85813 105932  94701
 105491 120411  72149  85697  87161
  38289 123271 106119  73967  96841
  42753 110936  53519  39657  82555
  67135  90531  50207  85509  51833
 103492 101555 116941 112341  38467
  39033  32782 104185  78365  55599
  96339  80859 107883 124571  66363
  36819  44827  52077  61679  36019
  95461 106560 111168  44997  84469
  77693 113935 115325  98342  64021
  56501 121395 107051 115592  62465
  74031 110313  55233 116833  51313
 113275  32264  69403  60409 123043
  54649 112395  72415  97492 114729
  84349  36155  46715  63281  91811
 113899  43813 114085  35997 105867
  53617  90569  50203  53317 114348
 124719  40373 101240 124863  46757
  32734 125313  53701  34039  39587
 104978  45213  75915 101738 114774
 101072 109997 106729  95065 119307
  53869  67947 109437  39853  32096
 112619  84703  90743 116254  90079
 114421  63125 111062  65915  32532
 115428 116094  75773  55061 111413
  53583  34909  45245  97278  69355
  64127 121674  94725 121461  52029
  39953  44149 116041  77341  56521
  44076  32542  62523  93517  99849
 114526  84921  77815 101692  93121
 111547 122767 124231 115253  70411
  51975  36969  41007 103612  67723
  49377 116173 124881  69749  37675
  97978  62241  68407 126585 104179
  87941 123873  42201 114162 100164
  39107 108968  33597  51089 101330
  69771  62205 115020 122607 119393
  36055 115060  32598  50049 104635
  44403  51573  42839  51911 111800
  73813 120737 102454  32860 119004
 109875 120889  66159 104850  40599
 113075  79979 122969  91061 113135
 101812  41711 114004  70219  94385
 101908  32588  56715  35769 103299
 114033 121656 120641 121183 100541
  87733  41507  90745  79857 111390
  83957 117260 118559  33681  32074
  60127  95219  56087  97148  86535
 114808 115859 118707 101822  43767
  86235  32530  50281 106971  41867
 108712  93177 125017 111796  98887
  99850  36433 123665  97158 120045
 121175 101287  58767 116894  54493
 101815 100079 100673  51931 123151
  81065  53835  73403 118449 101634
  76923 110933 125417  85035  95531
 100612 115019  63005  47623  98693
  47253  64145  46918  10714  57173
 108193  10532  83137  84413  56905
 111647  88585  84374  66917  93005
 104624  37883  85255  90943  48769
  54071 100655 101728  89081 114752
  78955  55949  80239 101626  75687
  61705  98741 104265  32482  73207
  84469  97624  99078  90733  50237
  55389  33311  36979  81725  72311
  86095  68515  62875 101161  36647
 126619  82117 100281 116594 117538
  97554  55165  74875  75971  59623
 108418 103451  78059 108924  66269
 115227  77743  58785  70243 121300
  51085 123189  97177  72635  63287
  80397 120853  32310  38035  54075
 106789  68435 117137  90267  35031
 110637 113217  65171  61935  62423
  35971  70923  60879  80497  71383
  97158  89047  49749  85167  49319
  66647  35429  99333  84335 114394
  77827 104171  74117  47851  76377
  50669 101084  97633  43839  89325
  38559  32152 103787 123467 109388
 111498  97047 118729  35899 104169
 114620  76615 121527  64627 101238
  32680  99186 120809  97677  64681
 111100  53797  95549  36417 117111
 122411  77613 109146 101593 104685
  72229  57381  95117  42315 112270
 117798  51327  67991  42379 100835
  55631  67225 116146  81639  95887
  93873  75513  57481 105180 110728
 119103 108915  49507  71667 112045
 103492  82119  79053  82033  97755
 107593  43873  32426 122331 102681
  42451  91869 100795  89765  33281
 106332 107017 111520  76725  74935
 121025 108601  95447  58397  98264
 115266 126185  73151  78597 113969
 109001  98269  37247  75887  59781
  64693  78595  78253  59141  53477
 103277  81233  51737  33601  32928
 116592  42869 105665  81785 109633
 104680  64925  71757 110537 109475
  35411  47893 115443  34851 126803
  42169  43649  73351  65437  97354
  51669  33643  69149  54111  35041
  43451  89675 106897 110358  61543
  75289  32384  59287 113628  33147
 117054  52815  96209  97488  97621
 106105  39633 106419 107163  71575
 108202  90341 118155  57135  74095
  80445 105878 102548  70851  81729
  66203 100905 105694  33863 101684
 110987 100896  32936 100683  34273
 112372  52717  43803  84717  74525
  61467 121179 126017 101902 100933
 119975 115709  55305  70987  49709
 103153 111300  51909  56949 122939
  68293  86747  45041 112901 112550
  74081  51499 121499 103073  58449
 108824  94755  45291  91111 121169
  68123  94693  52097 101678  98451
  38399  81901  45131  80725 100029
  40605  68959  38713  89365  92719
  48963  69147  32812  50463 113381
 116280 111622 121241  90043  95901
  34865  32234 107381 122449 112553
  74337  40289 102048 112205 101107
 105784 108516  75411  84275  43675
 108268  92349  32096 116760 104008
  58181 126041  78735 101352 124501
  75815  61451  38175  73753 105639
 120579 109184  32300  39289  92727
 105929 105496 115599  81619  66475
 105265  73151  82563  66793 110182
  97727  47887  32880  34647  62253
  62109 110395  60859  72589  78043
  68053 116606 104278  55227  81265
 121587 124681  69103 111231 101032
  32804  38311  85940  41827 110438
  82437  93187 105358  51323  43181
  95333  94991 116070 126039  48829
 102931  98163 101272  83953 100122
  98991 101909 108195  32764  73369
 106349  83007 117517  46225  83746
  36053 116864  88387  97464  54615
 117417  47633  64437  64355 116616
 101084  37841 115112  46038  50363
  74605 119855 112689  64609  76897
  40251  32122 112665  77235 106235
  88547  52075  85752  80327 118507
  89163  46906  81447  83700 114283
 122547  72729  46182 119605  87441
  32548  94795  73790  86149  84620
  58277  51261  64483 112453  32788
 101674  87661 109644  63297 112851
  43615 112846  78571  98825  34171
  74417 123275  80411 118115  95965
  51401 108706 111528  52791  79095
 121602 109184  64231 101576  39847
  77051  68167  79357 104601  55769
  82251  64155 121651  51169  93585
 109975 113765  87799 110378 116042
  32904 119800  97406  63743  69737
 115496  75597 123381 125023  32672
  81243  95633 110721  65305 122999
  49517  74865  49220  96565  50207
 105653  55928 111177  83751  37050
  83479  70935  83219 125063  32182
 104376  36139  42003 105212 103884
  61015  40551 104486  97227 108647
 101004  55747 124667 114768 121389
 113733  32996 105894  55723 112355
 102859 110778  32430  68627  92959
 121419 120727  50010  48516  93043
  91957  53955  48376  52902  32764
 116308 125469  54993  38093 104062
 111751 120909  97776  66481  71011
 100357  58169  94883 110964  61637
  75689  36509  41331  54921  34821
 105675  52319  40575  49771  32232
 115313  35215 119379  88271  86101
 110275  53635 105576  39563  62489
  37317  80465  49111 110592  32140
  86287  76445  49904  82569  65697
  45443  66311  90077  41217  95681
  50093  53995  69469  57536 109691
 110857  57576  99411 113033 113643
  68111  57088  46512 113641  92881
 119501  32872 123349  85377  83229
 118591 104179  61133  40003  84816
  78157  74083 100769  89633 114405
  46931  96993 114951  35019 118683
 104576  92285 109395  71609 101080
  32850  61479  49015  94153 123909
  89951  58145 123783 112127  66058
  55929  64045 117748  67145 114200
  49969 101418 102587  82571  97328
 125093  48283 107383  39325  66073
  63121  54101  78569 117198  32272
  81425  34947  40985 117197  56411
  34789 111974 106835 102210  35167
  61373  70881  32436  81745  76408
  97366  98640  57439 111348  84849
 114270  99219 101813  66587  32456
 121467  62383  70687 112863  94571
  83832 116384  47035  75579  51877
 124579  97202  51157 116640  35213
 122277 110445 109913 102831 105226
  83279  55619 115378 116150 105304
  49255 112435  39041  67075  51729
  40381  39195  99356  39671  89047
  62081 122371  43763  96551  88151
 115252  93201  32116 104891  90967
 115350  76925  58709  53739  89433
  66705  75357  97830 118723 121690
  37591  99401  88275 115566  82453
  57093  49271  32258  48259  53779
 107529  99460  38845  98135  55191
 104159 111770 120447 106891 120099
 121987  77303 109553  72657 111581
  93479 109702  36097  83517 112450
  37089  63869  47235 125955  79401
  56409  68613  90575 117752 126959
 116116 105674 105581 119279  53687
  51751 110764  37367 103666  44869
  61359  45359  59833  74485  38999
 108291 112205  58101 121443  32364
 104656  58159 114589  97438 100305
  54949 115616  56441  37983  40883
 117689 108503  67805  81853 118899
  52671  65923  32278  88531  86897
  34901 116130 126231 103171 109063
 104892  65207  96729 101906  32162
 105155 110575  99055 126111 103310
  61443  91813 114778  58141  75151
  59597  81749 101494  99205  97964
  51049 123763  50445  70369  64017
 116242  51391 101040 115608  35135
  65733  64523 116948  63763  83075
  55181  62681  32756  77843 112600
 100003  70345  49739 110707 111256
 110345  64105 119759 116716 101276
 110992 116450 118405  63407 114747
 126445 105512 126127  97954  67183
  42789  37527 123019  71955  41663
  55471 108078  73155 103731  32320
  36399  45435 104893 121595 122933
  50209  64925  44155 102526 100817
 103563  39835 115809  57679  40647
  73251  44631  96667  91055 122359
 120711  78631  53125  33955  81851
  82037  58353  91293  36201 111672
  64383  87331 102187  47659 106853
 114722  83175 108009  32220  53505
 110256 101716 119738  91621  83041
  71891  67165  97817  46865  89021
  44651  32102  33803  41811  95549
 106476 121071 111746  98332  61707
  54753 115360  72003  32396  70903
  99297 116862 104328 104237 114808
 110839  72215 111413  33837  99817
  95893 105535 123601 111220  94003
  89765 117758  54933  86329  59219
 103838 104512  32612  50566  69499
  81815  98251 103637 126215  48768
  43491  42841  81897 106119 103791
  49328  52698 112705 102423  49087
  46965  63943  46554 114103  64881
  45359 103311  69063  74607  84073
  32562  94413  93703  89110 101176
  65181 115314 108899  44830  32204
 115678  55325  41219 111932  75321
 109822  96039 101592  53023 107281
  91067  80151  32632  95673 116651
  76303  38331  73184  84350 120927
  32376  56161  38275  52341 118641
 101149  62363  80157 106908  70675
 115739 105461 111764  98294  73727
  99951 121309 115970 121009  84015
 115957  32334 104686  97584 118780
  96333 103845  69881  72759  58583
  96911  89021 101642  33011  70027
  32338 112039  35889  36205  76899
 112477 103206 116381  51861 111346
 124081  97205  80373 110785  44357
  58613 110848 101090  87717  70991
 112517 116407  32638  69607  94369
 116655  73971  56015  96779  53077
 105525  63219  55665  33453 111926
  51717  71581  56069  44569 118474
  64701 101734  65873 114762 125301
  90555 125947 105217 115040 101738
  97894 115472  46914  57357  64359
  32842  66809 118827  79639  38445
 107059  72855  49359 108841  65305
  73854 106097  43999  38501 102894
  62023 105717 107865  32048  71317
 120555 122111 125519 121564  89457
  34911 111396 117428  67629  45695
  65473 121227  35499  32286  79645
 114149  36543 123045  64321  99662
  74091  49265  61799  49681 106863
 111374 106671  36281  76557  99629
 108985 114519 110788  69159 105697
  83913 114725 112287  70597 115358
 109507 105640 100014  34203 101536
 114884  37813  90417  59577  72411
 102941  62077  74341 104209  45619
  32388 113275 116304  35255 105455
 122523  75691  78595  50075  98175
  94457 110125  65313 111895  42821
 104368  63785  40009  71727  40413
  37809  99385 101376 114057  78787
 102473  68279  32940  49021  90591
  69867 101696  40583  86219  74641
  70233 120124  92595 112498  49243
  84045  35021 101312 116189  65767
 104989  56291 109301  99722  59933
 116574 122509  65441 101548  62823
 101445  74857  65839  72387  40649
 100344  32158 112783 101281  91051
 103332  65463 114560 111474 108115
 119658  89505  72999  85787 116302
 113939  78281 104823  88007  79541
  94221  53941  46433 104354 121057
  81759  32596 105098  58501  89559
 110148  60511 114451  32318  65463
 121229  99912 111396  68249  80915
  77569  77217  81813  48655  74729
  68299  99843 109116  40169 117659
  60765  64619  89843  51149  65885
  49965  46673 126707  33827 112070
  45279 123013  61891  77235  63341
  87839  97501 117580  99239 116478
  33031  50081 118207  33033  68515
  96131  73855 100223 124513 118745
  41605 105964  93805 110314  79147
  55119  38137  92243  75763 103998
  52553 102233  44676  53311  32904
  82735  80243  90485  62031  63437
  77755  54431 119183  66307  77443
 105504  40549 116790  40627 104913
  77151 101741 107279  79449  58515
  88231  47633      3  68565 115278
  32820 101538  76681  62047  97612
  51105  87031  75479 115668  46851
 121466  36177 119075  32996  84995
  70051  37957  97389 116818 107509
  86239 111560  59625 103969 112795
  32600  77349  78191 100275  57813
  87595 115746 101220  79409 101388
  51879  32838  65081  62555 116344
  79055  70183 112533 103361  98669
 104216  57221  97376 116736  32044
 102461  50179  51509  56725  99510
 111050 119111  55319  50885  61101
 119141  68749  78749 109902 111651
  38979 112574  46997 118871  97206
 115561 122543  75511  58113 110210
 114609 107955 122457 105256 101316
 115428  45187  44749  96155  32490
  69355 115922 111773  51171  77221
 105042  81257 101357  61615  98753
 111573  61519 109230  81907 107187
 112712 116387 108514  78249 121344
  77839  94843 116747  95253 111301
  70469  47113  54627  32206  45779
  81609 118059 124411 113651 110014
  34567  90689  87755  89639 101496
  86871 101342  40983  91753  73435
  44243  52061 110449  92017  81573
  85301  40741  81943  59121 125273
  90467  59973 100638  32578 109522
  54279  53481  84131  58845 108113
  88475 108995  59751  88275 115245
  33895 114025 104821 111274 114814
  67243 116319  95451 101690 104963
  76897  62257  48717  86925  39991
  84685  32750 116794  50527  82407
  50429  90631  52511  97248 108250
  92885  96237  67927  45261 101420
  92129 119977 105321  80647  48015
 117675 106183 110368 116242  48563
  49671  46026 124805 120667  38513
  95553  54015 103249  78157  32482
  80009  51295  42735  69583 120577
 126229  68790 111434  43961 116855
  54559 108217  34111  91981 118225
 110632  74449  76391  57675  70487
 124631  80111      1  79389  74235
  70075 122117  55507 116992 124097
  32570 109386 105430 103445  62477
  55375  56471 108661  95973  44041
 109041  51463 115638  57023  74629
  99819  82365  33787 116829  42983
  78381 115048  49339  34223  95867
  41331  63731 122067 107849  32510
 111416  55371 108187  39253  72707
 105035  37203  37061  78703  42137
 117208  35703 116776  56035  32326
 104171 111102  40939  51513  72719
  39927 126165  49461 120873 112057
 124975  40699  55525 110080  32900
  93317  74783  90397 112060  95779
  58153  71693 117796  92625 104767
  42299  68461  65591  34171  90511
 109339  97795 114810  64185  89255
 124471 126531 114085 120647  55299
 101519 114259 125369 113159 126433
 123257  78065  66033 115656 117944
  88845  99829 105588 110954 103394
  32538 116186 104150 101430  77105
 105111 109319  32286 108784  97728
 104759  59941  60979  65969  96835
 109177 112877  79177  46487 114374
 106393 126033  99105 116819 125833
  49679  72809 103778 101070  40557
  64847  32316  68181  48061 110916
  51151 120349  67799  68255 126089
 111659 103747  55937  77795 117772
 101153  60433 112351  87199 109794
  98550 107595  76949 105085 119989
 101714 114508  38903 117757  87507
 117543  49677  73693  36009  76065
  32106  52277 116353 114033  82019
  44709  34043  34183 111821 121607
  67583  34809  89717  53725  53735
 111020  71917  97491 102038  89305
  96199 104065  32820  41277 106265
 111660  80071  87947  71367 112038
 106355 100805 101024  54011  40695
  51487 118861 110356  57775  55497
 123737 110201  99813  74187  63085
  32058 109925 109471  77585 118597
 126259  41577  86901 112722  73269
  81469 104847  73811 110529  34749
 111258 104301 115640  62145  93239
  42993  82865 105832  62169  54003
 116322  54639 105280 111436  90343
  35177  56519  73085 110818 115986
 123751 112229 117565 109027  53439
  98481  32568 122749 114621  40943
 104337  97250 124327 126285 118336
  78755  97494 105264  46217 100977
  55055  37079  45873 122077 108916
  55041  80189 101061  62983  53623
  90729  79781  77613  97204  50329
  80271  52461  94857  34205  87081
  36803  76471  38505  88375 115527
 105237  83417  68285  71139  98622
 108488 101784  41333  82507  64513
  32604  64679  39539  43963 101215
 114684 126877  95753 105038  97009
  60919 103648 112873 104216 112587
 105865 103537 110257 102153 118161
 126443 116264  64007  32958 110262
 113425 111434  90651 119974  44767
  51915  50127  44850 114059  40843
 111985  62945  87675  37139  85031
  75545 102449  32118 104642  83829
 100663  41145  74691 101166  43531
  56769  82975 126271  82703  67299
 107231 114318 126975  44835 101516
  32178  95323 105719 105102  69751
  92403 110672  32328  38001 104831
 116122  58697 115831 118479  94285
  54901 120841  78499  76947  45639
  87439 104914 101202  32848 122621
  38599  46363 122795  95241 106049
  91503  75473  41973  85492 117073
  82163  63065 117351  94743  40789
 125003  52681  81183  83415  75421
  65217  63533  60223  52999 120487
 110082 104415  59521  88965 105513
  89121 105144  84993  97679 111649
  93949 122407  48189 116082  49907
  78571 101158  86665  74455  95125
  72397  34681  99889  63949  40917
 100136 105095  62581 124655  32380
  91251  80627  83152  78219 103107
 125051  74607  71735  83669 116524
  78475  34501  57301  95983  85145
 117083 117133  45947  42375  97974
  38783  47867 124059  85279  59867
  89263  96835 116186  73321 105281
 101418 115156  64941  46430  87251
 106117 119041 115357  10562  10302
  91539 100519  84404 124199  74963
  37295 104638  46049 124567 101034
 108471  61113  47365  45175  57297
 106225  95087 118037  81371  44029
  80847  71807  65509 108887  41887
  80047  79357 114792  76193  95551
  41123  74659  76103 101642  99393
  52573  46579  47363  32758  93471
  88649  64521 101055  64855  43961
 101521  97686  36003 114682  62041
  79533  65009 120255 101556  65625
  54763  32368 109074 106613  82037
 111942 116655  43663 103549  67605
 104349  68885  95907 114524 101326
  32722  78201  92269 119999  78433
  72167 114774 101898  38933  97946
 115884 110439  59669  50265  38357
  98565  91813  71561 100671  53923
  76873  96499  95127 111940  36855
  59057  61219  72273 114747 114851
 110614  74569  85659 118283  38997
 115014  32438  48139 124957 116017
 116922 122807  38047  93395  73659
  57375  80397  49877  52849 123973
  55775  43411  80717 111684  32558
 107279  44317  89075  35309 102437
  69731  98448 101386  55633  99690
  36871  44797 111408  41227  49453
 109768  77673 101618  64689 109893
 110105  32070  97700  79607  57867
  32878  89041 121291  63669  37805
  45719  71655  40751  61697  67558
 111934  54213  98291  72761  79415
 109568  89367 120719 112738  50361
 102177 117604  45823  41287  64357
 116320 118159  68885  48739  34123
 120141  88499  79753  92931 114021
 101504 125125  93795  33419  64209
 121021  39663  71357 111741  76621
  95037  74161 114608  80287  76583
  84499  51319 114667  32040  91335
  67687  83160  86393  67779  99972
  98531 105286 101142 110948 119131
  62973  57125  72081 126305  91309
  99190  92273 108615 101482  79643
  53613  32668  89221 125797  94397
  77350  40937  94395  72831  60691
  33311  97742 106222  69029 111274
 114678  62885  98803  61859 123807
 110689  32030  97052  73567  53763
  66157 121993  50707 105737  90283
  46609  68203  35367  88827 116264
  83275  32478  87623  68339 104070
  47007  62503 116410 110355  96019
  87069  74565  96407  92177  66975
  36745  87059  97337  78421 101943
 115841  95313  68199  82615  57889
  86481  88255  91885  54387 116378
  47609 103069 112494  94329  55889
 102795 125401  85733  58302  47862
  47782  63987  61379  99735  94155
 111995  82697  74109  42753  99058
  46777  41001  40271 113127 124965
 111686 109490 112522 117470  43283
 118455 100261 111737  39321  37045
  64527 116228  57929 112123 105612
  56887 110062 103322  59475  36221
  95221  95867  99028  33557  97296
  83049  75093 112519  85109  82361
  61155 125315  78565 121375 113787
  41421 102855 105537  89211  75615
 114544 101816 113657 108097 101408
 104683 114370  42425 115546 108567
  52423 106585  43051  42303  62609
  38309  64275  98291  62223  67885
  94027 124817  41591  58439  46490
  67705  97348  50343  53833  81365
  99712  97429 109096 108771  46556
  46801 108307  86623 111558 118661
 114406 103582  70971  47310  51125
  63160  57987  81089  60787  36311
  38235 112998  97378  73271 101317
 103114 101294  95504  47807 105724
  65977  59763  53535  48227  65403
  80649 101131  83883  96007 124503
 100990  42791  36683 117133  61344
 125227 118409  52252 124049  79567
  46202  10862 100843  73777  35487
 116937 108445  55509 106601  78653
  97603 126476  64083  64679  93297
  10514  10598
