   82436   64557  101596   97736  115832
   45855  111754  104607  110080  119997
   32318   88065   90325   78304  126207
  117632  109618   98934   48839  121555
   97319  101390   72661  114448   32452
   53794   58549   56645   32754  102570
  120737  111056   87603  118323  114560
  126273   32180   63273  108341   77008
   97258  106806  111690   54921   44693
  125431  114182  105098  110338  103170
   32178  104407  105356   39641   33607
  110958   32962  106225   67352  111936
   49545  109946  112942  117298   98447
   61851  116254   34067  101596  117367
   37305   90203  114836  115599  123147
   32544   83026   52791   84449   70161
   39825   99938   60725   91667  105642
   55979  101678  125019  110766   99106
  101600   83321  125933  116129   44401
  108171   36869   58198   32112  106297
   67266  111298  124035   95501  109100
  112104  104507   36765  117082  116030
  105306  110666  103912   51139   32114
  106990   47395  111972   98066  115522
   62815   62333   32306   97422   97777
   42949  109863  121097  114938  101908
  111133   76005   85839   32018  104710
   99665  101698  114826  101888   93037
   88273   32670  116018  101449  111908
   94267   68653   32746  115698  107917
  116628   53961  112501   38707   97936
  121490  112651  112973   44854   32560
  114524   77391  101530   82181   79595
  103946   33383   86265   97862   57689
   86213   74805  123935  114628   76147
  100314   42337  108658  101878  115606
   80077  115642   32830  111784  102916
   32750   73253  119822  104468   97407
   72733  126137  101410  114082   82449
  126745   38639   43579   60075  122693
   43809   39423  122181  101826   61455
   32764   92869  121856  111136   58171
  117344   32638   97160  114230   54763
   43301  116965   38683   78507  101704
   50279   32294  102933   87265   97065
   72137   39619  108010   94495  111750
   91385  106635   98149   72449   64859
   51455   99692   97370   74537  116020
  101766   41297   92021   46151  100204
  119585  106681  105457   46732   10722
   10562   84922  104036  101958  114428
  113009  101038  124213   37443   32476
  115219   43307  115139   97512   99216
  116260  117780   76287   97410   36799
  108190  124753  108738  121600   48875
   32004   98071   97964  114368   51961
  113505  101130   32516   91563  109924
   89333  111222  114670  105971  101826
   44513   32450  111895   53483   99182
  111404  106983  109756  112252   94513
  117574   71963  116842   48261  105278
   75253  110818   50049  103694   80297
   89305   32166  123443  106346  114645
  111182   98934   75155  115140   81111
   58127   32174   37213  116224  104218
   95979   97460   50157  110936   32436
  113592   68153  117394   97652  108878
  105040   86899   71967   33933   51729
  102446   99889   73235  125689  105694
  113675  101310   39919  124409  100266
   32830  112034  101722   68465  111222
  112934  117651  108420  102265  101764
  113031  124851   32040  116374  118791
  111300   32438  124757  102746   84641
  101977   90029  105770  122117  108152
   88921   69543  108394   32338  116722
  104740  101152  117269  109300   32484
  105466   68111  111263   96775  110918
   94907   86937   99777   32724  116598
  104658   84053  117181   68395   76131
  101654   36455   84577   32038   55721
  122751  103733   55267   85748   54385
  110190  105092  116352  101720   78755
  113265  122605  116341  100664  115811
   32968   89261   83446   53181  116794
  117747   61851   80691   97884  116164
  101142  115856   46798   33361   92451
   32430   85216   46626  106371   51071
   83026   46990  110003   32768   73406
   84164   80559  115495   87187   32356
  101532  109012   94597   73291  112318
   81563  108340   50301  119477  111668
  119399  121594  109772  101114  103267
  110854   85819  116840   32146  119260
   97350   41225  115968   32280   65811
   81429   49852   55546   37648   46023
   32814  104534  105178  103990   51575
  104128   88073  114035  101258  117869
  114116   51251   32096  122125  109523
  105968  110402   87635   91519  120747
   32672   50228   48990   48790   52232
   32596   40519  116694   55959   56767
  104742   57057   81545   98581   97110
  113359  110102   32890  105264   65143
  110292   32872   49952   33763   57474
   57246   85089   82937   57470   95659
   50721   46828   32470   84670  104438
   36409   39409  101628   32986   66338
  117510  114404  101790  104637   76761
   94597   97446  117808   32010  111754
   52647  102622  109611   32080   79811
   49503   94207   76746   97906   49905
   98616  111578  111939  114932   32048
   83100  116500   58593   94149   97810
  116052  112903  105472   34471  118169
  115816  116924  105834   82439  111671
   39725  124275   99792  115132   91755
  118275   67821  111265   32550  115142
   76707   83231   69331   97212  121564
  115342   75773  118639   78351   32260
  112671   99518   69449  111472  109258
  112516  115869  119579  117128   54107
   85057   52109   36657  116176  105852
  110740  103468   32372  102733   43271
  104308   97962   92535  108855  115582
   32714  116126  104670  101248   33563
   50747   89757   98799  107547  119515
   76395   32366  103310  117561  114784
   59973   54395  101584  100925   97598
  116148   66491   65467   90263  101468
  125281  115194  116014   32252   50947
   67787  125667  112100  111626   87887
  116226  101404  110968  116466  105768
   97838   77643   70737   47949  108344
   32820  102792   52789   46659  111052
   91177  109111  114254   32832   93473
   95331  121447  116743  110812   34463
  107881  101226   70437  119824  101913
   32204  106130  111252   98872  115610
   47767  110707   32074  116108  104410
  114130  111960  117930  103674  104010
   32706  117565   51877   50460   48942
   49388  107599  113091  116611   45019
   60705   52272   46252   75083   72325
   32070   90913   89334  101616  115366
   50769   44972   33137   32640  124825
  115550  111032   67909  109098   82951
  101842   32454   73866   84588   37043
   32494  106938  111332   45257   98928
   79925  115534   32416   99055  104266
   97290  118790   47763   52783   70627
  101006   79005   57315   37701  117467
   32516   68377   53447   91425   91869
   95869  103804  111880  110336  101344
   32032   50937   96771  111390   76443
  118604   71031  101422  116033   87527
   81749   96741  114148  115884  101512
   97230   83593   85409  115506   81831
   46846   66377   32850   77217   67175
  126135   73280   75153   74977  102086
   59309   32168   49739  121926   54849
   91429  111946  117120   32792   96935
  100427  102849   70663   56783   99842
  111944   94933  104189  110338  115086
  105722  100862  101798  114580   67895
   54793   52869   32224  116314   40357
  104654  101830   32160  101096  120706
  112512  101692   99968   52685  116328
   63175  101048  100628   32780   85681
  122427  109619   33193  103196   81747
   68495  114368  111350   60281   85651
  119062  116396  104174   56009   32832
  105762  102737  110304   84615   32990
   99244  104071   90267  111278  109740
  112198  117432   45093   92399  116512
  105586  110782  103822  124549  115875
   44984  106793   32902   92591  105576
  116764  146288  115284   32750  101316
   83865   97590   79849   58767   51945
  115848   77355  121362  118451   44501
   32492   35061   58243   52907   63665
  101795  116734   84225  111894   32026
  115526  119655  108203   70045  101280
  101818   32212  116562   83607  104880
   97034   33339  116786   32572   99858
  108355   83035  111656  109944   96537
  112392   94263   97370  110964  105078
   43617  101282  115860   32912  116847
  115288  105546   56469  118545  109578
  103137   81061  121865  112118  108624
   53889  121904   35233   39837   49623
   38897   32016  115103   49523   74335
   52133  110346  101554  101430  111347
  100164   93655   32026   81177  109882
   44611  111614  114216  101486   69069
   32800  114777   55623   55293   89953
  116270   97200   48275   96251   85921
  108226  101058  110420   64917   49799
   71187   95299  122791  126331  116266
   46486   32632   54765   68090  111592
  122891  110218   42143  146412   54491
  116154   32730  109124   80083  105108
   34871  124111  115457  115776   61375
  115840   32452  111494  117172   77249
  116958   90321   32670   38703   87467
  111712  110064   32810  112422  117268
  114298  115216  109053  106659  117376
   71273   55693   57371   38405   49817
  101135  109899  105594  110032   63621
  103430   32978  116537  116874   76181
  104596  101264   32090   70147  108142
   59205   43383   73939  118401   97120
   59319   49693   33497  114894  107617
  103488  101438  102009   72125   50785
   32212  110028   82075  117986   97113
  109230   98796  101576  114118   51491
   88209   32016   89023   93947  111594
  102750  115261   32044   73333  111646
   58635  112458   51239   42963  101430
  111857   89961  110208   51609   88079
   32818   92247  112246  111562  115572
   52883  105252  116906   70649  105484
  104871  111866   36517  122073  110820
  123221   91719  115710   79025   37071
  124697   32800   97696   39571  118898
   97042  113301  105532   75069  113979
  108348   97008   98652  108600  101262
   32148  114190   53309  105396  103582
  113869  104176  116558   32258   56097
  124125  110862   99811   67541  111794
   69661   72669  119884  113555   44904
   32546  104904  101690   92075  110607
   84145   58471  103039  114354   64529
  101322   65643   51579   32446   35309
  105444   54777   64311  104383  110256
   89459  108019   32164  116284   42159
  104755  109615  104344   50189  117207
  101886   32422   85716  110270   99833
  105872  116056   55575   45165  101192
  100742   32508   83062   77201  116282
   97572  116426  101426   78627   58829
  115278   46716   10476   10500   84310
  104184   39763  101832   62431   99047
   93795  114480  101820   32558   56557
   97214  114374   91159   69673  101952
   32210   50045   40113   66099   96365
   72515  123811  109072  111328  120261
  114390  101274   32590   79319   74275
  114688   53339  103023  119167   64335
   84653  101254   76039   97636   94519
  115374  111220   65619  108179   51643
   56673  110432  115280  111067   32952
  116938  111032   32678   98510  105155
   46347   35695  111471   89045  101622
   99562  111144  122419   43717  101367
  109860  101040   32214   97270   32224
  113391  118421   73989   99061   67666
   72633  113547  111232  111027  109264
   38715   58573  112770  117220   69649
  116354  101186  114840   75725   32684
   83448   99830   54071  105034   61709
   95619  101544   71457  110194   99888
  101434   32338   44383   85231  121163
  121383   80731   77464   87859  101711
   97588   45695  106230   76549   72711
   70217  104165  111364  121311  114108
   77003   32948   82735   42099   97408
  116138   32744   85713  104714  124749
  116914  116712  112672   58014   42793
   63757   47314   61921   80333  104197
   47098   59651   99162   83009   59219
   82839   43033  114091   42565  110367
  111556  115381   38487  109556  112106
   45843   85131  117538  119975  116058
  105206  110526  103908   99888   79819
   97562  114346  116989  101448   55139
  101392  114917   48247  114608  115218
   46960   53161   77021   41141   97860
   42199   62365   74241   42611   99812
   94969   53577  109064  122939   46188
  111886   95233  114742  103044   63739
   79543   47214   63730  112200   78431
   97050   83367  103820   92979  101688
  106227  104867   74797   41137   95830
   72485   61727  105220   54179  100464
   44167   61277   61878  118727   74381
   52914   38765   46932   96201   10784

