   68095   61309   82270  101148   76033
  102775   71473   97192  115366  111636
  110942   32248   92817   78836  117934
  109262   68857   98430  101376  114298
   32372   51346  112629   32618  103857
  102818  126333  111270  114542   76207
   32468   77808  120913   67307   97534
  106146  111900  114912  105234  110534
  103720   32540   62411  105850   81657
  113575   75747  110410   32116   67818
  111256  109238  112308  117328  115027
  115267  119877   61013   90269  116942
  101804  114112   32150   85829   52533
   83754   99080  105586  101768  110346
  105819   85367   99360   77841  101566
   73321   62311   58186   32058   67188
   41691   94401  110975   98137   83465
  111252  125401  113385  109598  112876
  117548   44417   38917  116792  105684
  109805   62639  110976  103254   32244
  123763  101332  110458   87229   35179
   56911   97480   98970   60177  108018
  101440   68773  115004  105501   32306
  121208  111152  117786   32846  116482
   95281  111018   84437   57207   80533
   87969   84185  113813   93617   32058
  125159   49379  109672   97266  107986
  101458   32224   97864   55317   32774
   63241  112648   47677  111072   73311
  115038  105120  116716  105591  105642
   46625   54401  118550   64885  101240
  117085   32322   34617   50239   59493
   71147  100442   40417   45671  105910
  102112   44875  102786  101938  109933
  114200  101696  110294   42587   99070
  109261  101542   69759   59779   32076
  123091   35413  105574  110680   32960
  116362  104982  101790   47749   32654
  119778  111450   67611   91907  114692
   76471  120131  108732   56755  100698
   46893  102567   46362  108623   40005
   10658   10642   67380   62153  111100
   75037  113223  109596  112382  117208
  100181   71047   35737  116706  105368
  110452  103610   32728   74973  100498
  114510  105974  118732  101266   97629
   86533   41809  115750   32484   47719
  105308   59349  110692  110032   44091
  110465   45191  119841  124733  111044
   61275  118026   97682   59821   97073
  116790  105058  111726  110618   32232
  105540  110492   32712  116948   60551
  104220  101138  118731   38071   32806
  115020   99566  102381  105300  101018
   99251   92451   50151   67533   50799
   43813   56101  105209   63139   65983
   92771  113423   83913  110108   47741
   99288   59003  101638  123839   76773
  115072   57729   32804   40690   96787
   70301   62301  104684   36067   63125
   63191  117288  109608  100401  108467
   97566  110636   32864  120731  115017
   63391  103236   82869  116075  101012
   55699  110468   40743  117405  111488
   53131  109502  121103  124775  122317
   94845   97447   85039   97409   76073
  101920   32388   48409  112052  114546
  111838  106784   44139  101662  108081
  118741   92157   99046  116008   44548
   32834   65108   73848  104847  100421
   71983   68450   37109  101925   83904
   32720  118880   57309  108579  125591
   97186   41495   96631   99630  106663
   98437   99848  119365   74797  113467
  105908   81093   54169  110428  113255
  101088   43583   77241   32050  114226
  101696   89051  115340   51193  101962
  116155   97052  114736   99938  104156
   44470   37025   32936  101518  110424
   59703  118630  105006   76597  114926
   78245  111648  110438  109742   98193
  124505   39509   33947  101304  110066
  116912   76301   64197  103445   97564
   37795   95427   75855   41845  108146
   32764  109990  124739  111518  119691
  110154   97483  105540   97199  120201
   51467  118573   79335   45231   64493
   37955  112255  116780  111488   55685
  124249   54337   97853  114114  122589
  105950   62609  110178  103804   74143
   32258   97982  106541  110704  100224
  106545   34771  110657   37167   89803
   32308   81665  112720  117913  107655
  114280  108933  111976  116832  108565
  101470   99730  116626  111175  120515
  105040   55369   38189  111984  110102
   41511   86083   32124  106296  125713
   61289   74251   63015   90207  117280
  115804  116432   32900  116988  111846
   32456  109128   43877  101964  117585
   98523  100791  110520  116348  105990
   67863  110993   87441  111102  114979
  125791   88501  110720   40187   44441
   49819   81693   32398   97632   32202
  102526   35835   44825   72285   38383
  101796   42941  126275  119890   41746
   44624   59403   32128   97824  110626
   43205   87575  101695  100072  111463
   32706   97740  126363  108262  115626
  111810   32104   53961   83483  105772
   46603  110814   32464   73245  101860
  110612   50061  103504  116463  105632
   49509   40683  115673  110822  123953
   97361  101054   37267  101282  108437
  114526   61881  105374  110586  103616
   44742   71221   57219   32010  107545
   98570  117368   51547   77675  125467
  115664   33071  105842  110074  101730
   71253  115070   57679  123847  118405
   58897   87209  115412   56883   44790
  113819   56649   32286  101438  110006
   62663   94295  116243  116470  101910
  114142  116168   97774   49085   70529
  105676  110742  109740  101480   78107
  110046  106665   63465  116132  103085
   32180   35891   97446  112671   74063
  110164  114617   95499   74171  100910
   98139   32318  101814  100190   35523
   61241   33261   61385  116599   73457
  117604  114271   43285   99182   97886
  116870   64213  105560   47793  111978
  110086   46408   32074   73872  102104
   32418  121578  111904  104703   69961
  100379   42419  117448   38053   78157
   32918  119122   97434   61621  110734
   37727   62755   45887  116116   47439
   63305   32652   93587   54541   64563
   74995  116694  101383   65967  121111
  111152  124677   32468  109800   97952
  107448  101454   84867   91323   32012
   74387   97284   53337   73559   53383
   32290  112118  111836  115392  105194
  116890  124555   44101   89291  105226
  118168  101960   46409   57215   32530
  113773  100252  102171  126051  105386
   67391  102300  102576  113623  111903
  101336   48953  114258  114109   51179
  117529  101182  110712  114103   76077
   47529   99672  101048   63139   60311
   85001   72283   37249   32282  105644
  110970  100077   57261   32586  116124
  117369  104532  101516   32060  101159
  119258   41355   73047  119681  111176
   69223  114018  108344   35191  100394
   44786   73333   90167   44965   71319
   38465   32078  109869  115912  116562
  117728  102035   54413  100320  121732
   70165  111051  122393  120305   70397
   32346   64707   35625   99898   87113
   43403  126003  102179  111418  109522
  112710  117510  116930  105200   97221
   81153  110184  103752   46632   51893
   10080  118461   10124   84014  104774
  101692  114668  101478   80849  113519
   32662  116447   75473   35095   82745
   97520  114412  101838   32750   43161
  123043   95501  109258   51357   54983
  111190  114938  101876   32196  101089
   45135   90313  102359  114296  101938
   97654  115946   86565   80501   89429
   62429  111944  110590   93373  121251
  115108   32618  116614  111520   32060
  101753   98122  101118   61665  105767
   68625   96177   99524  111306  109512
  101658   72677   32522  102791   33971
   97076   32324  104357   67926  111738
  117411   85141   46237   71621  109240
  108213   44005  112978  102135  117868
  116528   96733   70521  101666   39807
  114104   32776   83654   99282  105432
  101162  110752  122593   44593   99826
  121697  108015  101570   48043   32664
   91823   77826   97474   68547  106170
  113091  111512  114082   32746  112153
   97726  116204   69285   77583  106397
   34339   32784  104472  116952   79155
  116154  112258   57897   58726   47584
   43345   44193   47302   99900  111078
  110945   50661   82739  109616  115731
  112356   99379   64209  114947   49971
  117198   59357  122937   43299  126867
  116464  105912  110550  103950  108989
   50287   99122  123169   46033   97438
   85361   65545  114014  101792  101286
  121033   85655  114196   58009  125145
  115924   46266   97044   99364   94999
   38701   50991  109986   96103   96381
   46350  111222   40497   92549  114896
  103770   38137   71351   47854   51323
   63238   42711   52047  112126   97404
   39207   86559  103390  101424   95224
  105070   90069  100824   61598   52682
   46784  110571   51099  124255   10148

