   34477   77989   82082  101964   97220
  115622  111155  111412  116447  110370
   32736   85435   36195   78426  124571
   41229   48433   84133  117482   64241
   38945  109920   98074   33929  101344
   45193  114718   32736   52922  103803
   48643   56855   35613   58811   64471
   32480   42091   34221  102298  111496
   59995   69741   85403   57411  114322
   70521   87369   91299   32434  105859
   77080   81773   97704   70107   56579
  106588   36763   77759  111282  122123
  114830  105484  110780   81359  103436
  126579   47319  122765   95987  120881
  114791   84003   32396  105972  110206
  107249   59103   85785   32740   57907
   75663   67870  114593   60007  111184
   51263   99547  109740   96457   91641
   63257  112080  117784  116294   66123
  101820  114968   32576   83254   54935
   99220  105326  101224  110838   99702
   36229  101438   56611   58338  101511
   50655   32302   44343   67498  111142
  110789  109224  112336  125483   42271
  117006   55777  116378  105262  116697
  110960   68733  103436   74121   32934
   61371   99943  103759  111222   46641
  119125  102238  102310  108131   58625
  107671  101022   59575  114300   67315
  115196   53661   32166   93083  109958
   97802  110828  121940   58249   32708
  116250  121450   58955  112848   33811
  101134   57203   69103   89141   70903
  103379  115754   32018  111572  102236
   32952  113673  108886  122473  117270
  117487   99944   65661   66151  114254
   97588  116630  105060  108981   96771
  118660   37783   90003  101094   86933
   81553   32190   99928   97312  114558
  126607   62297   67335  101244  101776
  114932  115850  118337   46660   37827
   10814   10894   87903   67432   89287
   44843  111914   49227  107703  109792
  112956  114575   42743  117230  116004
  107479  105324  110620  104737  103404
   38987   51007   90371   32098  100957
  106508  111114  115469   98504   99831
  115212   32084  115245   97488  114154
  102831  117257  101744   32788   36377
   92251   97888   85805   54711  109352
  111616   70733   95737   81527  110658
  103370   32480  116974  104882  105333
   52391  101732   73971   32816  104524
   50829  105042   46115  103634  104204
   69263   52727  104279  120127  101676
   94793   69195  115118  116282   50843
   32322   92185  112564   97850  105276
  100652   71095   32320   97372  110350
  100350   81359  113195   32974  104688
   97020  103569  107523  118556  108089
   83977  110099  101024  103863   32686
  118477  116012   34503   57675   53309
  106641  104614  101412   32304  104558
  105190  124095  103186  104960  101740
   97379   60379  115418  116332   32670
  106836   72613   78325  111084   98152
   32222  115460  118807   97090  105855
   77059  116258  102067  105214   86837
  110709   87795   69321   61253   96943
   38613  115648  124845   98059  102768
   97512   99492   90511   50131   42529
   85765  108023  116804   98725  111841
  117217  105802  111266   41841   90817
   92817  110936   46972   32054   84479
   67816  111438  109294   34625  112290
  117874  116748  105340  110206   62919
   61759  103698   32708  122025  110739
   65927  105416  115280   56717  115811
   32806  118720  101138  114144  109185
   78999   51443  121516   32170  111562
   71129  102516  121083  116918   67061
   58307  101640   35029  110855  110848
   48777   32344   97812   34903  115498
  115812  111324  112119   99460  105366
  101863   97268  116376  101780  100448
   32848  119792  118299  111341   44075
  105510   66285  116070  110329   42101
  104908   87869   32146  105220   97219
  113419   54103  110612   89525  110720
   67315   41187  111426  118178   97504
   45265  110373   57859  116332   51073
  105978  111878   47083  110206   89873
   95761  123223   58977   44006   53311
   32724   97674   69467   48023   66363
   96525  110158  100712   32532  100030
   74149   40501   54711  101110   80271
  118034  101800   54427  108204   36861
  111336   74993  112456  109110  101926
  110516  116326  115552   85763   32524
  105852   76577  110022   32646   99438
  111448   41925  109388  112508  117376
  116554   91693  105676  110680   96723
  103850   32876  121107  116940   75031
   59065  125447  101430   76263   88165
  110490  125309   33099   79333   48419
  115369   80975  100118   32340   75247
  116888  111838   35131   32624  122089
  103577  100398   45009   89887   85273
  107681   37429  114730   50697   49285
  105096  118168  101284   32954  105970
  113931  115965  116019   56937  116542
   81585   42557  111669   46624  108823
   32122   84920   61545   44287  104614
   84427  102289   42317  105376  115420
  125501   44004   32840  125187   77469
   91977  105492  110278   32370   44061
   72479   89061   54823  108221  126311
  116070  117218   70845   73241   97679
   97845   99473  114826  110872   85965
   44962   79403   32142   54491  123569
  105728   99331   81491  115652   32940
   61513   65737   91981  101513  116568
   53619  104972  101578   45169   40667
   32826  107644  101748  121382   37893
   32216   42297  123621   43507   78657
   93369   83279   62067  102471  119073
  116130   50837  111684   94923   32042
   37265  110750   97586   96559  116016
  105696   90405  111660  110462   74205
   64277   97872   98099  108512  105899
   32560   99790   50503   60187  111600
  108991  115769  100967   38365  109182
  112004  101372  116158  105140   34439
  107141  123711   86237   95673   84535
  116196  105366   70157  118702  101266
  110530   54787  120205   79569  125769
   38747  101682   84035  115770   52061
  115304   46520   32258   83949   39839
   84478   84903  116219   90247   54879
  126617   60961  104656   49831   45173
  101824   32566  112910  111660   37315
  124613  115406   40139   50143  115944
  105722   98076  105144  109759   46609
  108926   77069   48543   79179  105594
   50347  116270  105568   43233   50799
   80625  101450   37707  115246   32334
   97623  121285   92867   35217  102302
   64327  111118  119669  112177   58053
   94929   50387  102535  114388   32338
   42437  102780  114975   35109  117148
   50935  104107   73807   58273   63877
  116954   44195  117886   70203  114268
   37817  107301  101644   65403   32690
   69767  100382   38329   80405  101872
   55325  118700   41523  125809  101040
  108068   45199  111022  112576  109314
  101806  110986  116608  106809  115156
   32562   97494  114566   56981   52913
  101464  107251   32738  101626  120194
   39515   47747  112252   41689   34089
   71523   88067  101686   99582  116920
  101420  100990   55471   32650  116894
  111730  120887   32614   98326  101382
   86121   60877   32936  108573  104615
   77255   60679  101044   90839  118280
  101920  110384   32534   97083  124893
  103106  114626  101098  107481   97404
   87881   44639  103431  116710  101988
  114294  116375   32808  113897  116472
  124101   86575   73409  104882   96273
   55167   97432   93151  126583   98869
  110910   32692   69681  111113  116888
  104554   94431  101126  121688   32012
  104692   97656   60399   84233  118250
   66841  101510   32706   98002  101132
  118475  101972  110884   80755   32970
  114259   94227  105146   60583  110910
   32556  116280  104422  113455  101326
   86539   32866   90979  112022   97742
  115640  116850   46346   98167   97969
   89003   83407   10208  101481   99125
   10464  119197   43963   84178  104516
  101958  114322  101416   92547   56749
   32678   65603  106789   83573   97224
  114536   37009  101850  101051   40857
  114445   93033   32232   93003  109526
  111990  114188  101116   93473  116459
  118203   61125   86483  125009   32428
  114662   81705   37787  101350   97370
   77163  115378  119743   52179  114377
   44641  111550   83259   77649  110532
   37575  115720   62549   32854  116506
  111970   87121   32292   48611   98670
   57017  101086   45359   36787   99444
  111110   57965   43749  109186  101012
  121313   32052   97252   32116   97575
   67750  111686  109900  112156   99791
   37051  116989  117514  116084  101688
   85469  114176   61573   32078   87991
   83488   41395   99792   53129  105596
  101488  110576   38401   99208  104233
  101966  115557   95859   89507   32606
   94229   83987   70501   77872   92895
  123531  104165   97614  106786   95423
  111934  114222   32314   67581   86335
   97110  116434  122809   32698  104970
   91013  116354  116970   92857   93961
  112068  101395   58508   82203   47264
   74615   47344   86655   88237  118779
   99376   50601  111680   55033   98291
  109010  112098   77599   50549   72833
  110701  117864  116882  105894   48353
  110922   37041  103248   45091   99648
   97770   63703  122639  114790  101576
   82441   53183  101436  114784   82715
  126339  115378   46810   97948   99914
  113247  109842   80525   46476   36107
  111554  100283   80955   42577  114902
  103552   83647   69049   47262   63726
   77725   79013   97755  112202   97516
  120861   79209  103084   46047  101072
   51847  105007   74329   98969   95672
   47081  105296  100604   44079   61648
   35309  102749   85957   52424   46374
   10912
