  123299   82848  101120   71175   47701
  104565  114957   97206  115690  111120
  110904   91625   32644   60849  110937
   78796   51741  117894   74007  109974
   98204  101252  114826   77561   82047
   92507   68401  125445   32120   49940
   84467   99811   70455   32112  124047
   96147  102058   55079   85091  112283
  111850   87415   64565   33061  123581
  114172   71821   32194   75941   77274
   97940   42211  106148   57435  111794
   89687   38635  114972  111617  105226
  110938  107773   74481  103138   44793
   58529  109193  107549   32970  105516
  106065   89625  110746   98337   32882
  117309   67406  111386  102147   37481
  109384   58807  112400  120735  117490
  119341  116754  101324  114578   32760
   43139  110177  100309   83848   99972
  105002  101522  101425   75467  110172
   99946   45637  101552   42295   58724
   67263   38977   32238   67400  111620
   91927  109128   60601  112576  117236
  116898  105470  110650  103446   65177
   32542   50113   82621  105332  115650
  122805   33735   74213   67601   35143
   32344   72425   73973   91943   58475
   91909  112940  116613  123889   97592
  114040   54395   97073  116494   32990
   87259  111346  102330   42633   32168
  113197  113071   60163  101754   93099
  118428   90265   60075   79943   51545
  101544  122227   71681  114500   51055
   42219   81269  121766  116714   59651
  124631   45653   51987   92305   63701
   69827   71343  104154  105878   99253
  110874   65061   85625   59141   61655
  124775  111915   63987  103436   32326
   37609  119968  101800   73295   98093
   32922   96003  100678   72973   57997
  111158   64287   43957   39899   33800
   10164  119243  100113  112555   61517
   10088   67450  111340  118805   56859
   37473   73093  109560   50655   97631
  123463  112276  117688   43695   53575
   69653  116296   35633  120741   60483
   59019  101017  105988   70925   50383
  110364  103138   32900   97544  110120
  100498   92479   94171   32092   99604
  111128  118155   86579  109500  112264
  122721   34899  117804  116040  126575
  101656   85403  125383   86511   47505
  114218   32882  116980  101116   99348
  104808   39657   50837  125571  110224
  117617  111126   57387  121095  125265
  108266  111536  103782   67143  121714
   32238  115093  111417  106487   97730
   86745  101145   87115  114782  101634
   32860  112810   33025   97486  114450
  116754   32520  111512  102214   83089
   32234   93799  106128  117100   85557
   95083   77671  115680   99183   60767
  116156   32724   65487   67693  120451
   97874   98038  111408  117316  116874
   32862  101436  118736   61019   97319
  118565  101888  114292   93427  117951
   83605   84411   56967   74581   33045
  121154  116192   55769  104980  105862
  110348  103454   32848  116682  104528
   50311   97068  116178   53353   32018
  116292   38157   44745  111526   83211
  117434   99494   81145  104396  101790
  115206   32318   44381  111750  111855
   92683  117832   67395  114336   32944
   64369   65845   80637   87679  108368
   81277   63135  105168   97817  118630
   48327  101434  115680   53663   32574
  102104   79625  114792  111602  109340
  101007   45417   32800   42669   67873
   38485   79151  105233  116362  104512
  101080   90547  108057   77405   60295
   32838   99324   97918  114270   57989
   89563  115684   54219   32440  119989
  119690  101560   43037   32744   90183
  100832  114164  105602  118034   72153
  101118   44096   32612  116346   45575
  111702   55459   48257   96981   32294
  116578   40771   71969   89139   80691
   81963  104092   85989  101218   32346
   47437   58229   69101  109042  111174
   35887   71039  103053  118550  125345
  119143  105480  118589  101270  115168
  109389   38985   44971   71755   38721
   32078   55487  119540   81505  101956
   32356   95927   87467   49075   91037
  119350  112653  101937   97442  116188
   99744  104838   44562  121925  105315
   32576  112249  116880  111288   32330
  118757  116926  104986  101512   91971
   32024  119406   97678  121710  115776
   76089   32688   98856   66391   94969
  117716   84115  115798  105196  110696
  101250  115390  115302  101602   39727
   85365  115030  110709   32426   97934
  110386   39435  100324   49789  115941
   60521   32726  103444  111638  118460
  113845  101274   93003  117749  114214
  113517  103727  110176  109722  101286
  110464  116422  115958   93249   44101
   82151   32592  100502   87171   59745
  109539  101726  111561   96401   97160
   76163  116141  108508   32460  119224
  114003  105014   45521  116054  104120
  109069   32718  117482  102279   35259
   43697   79713  123133  115840   46174
   32108   85328   74273   77223   95885
  114099  110984   72009  100200  112375
  101888   72101  114402   75831  115478
  116322   48759   97272  110896  100520
  105554  110060  103212   32298   59063
  100724   45971  105364  102532  102630
  101380   84647  114664  101814  110436
  120481   63289  116434  112345   85385
   33445   32442   97567  100584  105848
  109398  101912  110132  110655  115712
  107853   73265   67775  103429  105290
  111252   46973   79257  110492   76375
  112791  115796  109033   32486  114655
  111744  121763  102488   32958   99382
  111008  109356  112564   40717  117654
  116418   38573   81429  105968  110762
  103390   32452   70723  105256  115684
   77273   33199   38901   32646  112170
   97710   79607   51943   88507  114400
  116714   32400  116283  111798  102122
   32038   90575   84875   38509  116172
  104786  101374   40891   32008  110744
   70363  101284   39921   99898   49455
   46097   40135  101976   60029   35897
  115306  115250   55683   97048   58643
  114418   82589  121444  103113   32682
  115918  107668   77511  105118   37553
  108522  124019  108392   32286   57617
   34119  115448  104461   68503   63615
  101777  101180   86527  116776   44163
   32812  102878  111958  121847   93495
   40789   35411  125839  114064  126585
   47653   48099  105461   32294   97868
   49337   94697  110252   70761  123197
   32376  101314  125551   79351  100450
  117664   99268  123893   97134  116884
  114305  102801   52243  101538  100494
   32058  112470  101296  125527  114352
  112201  115318  111210  110872   32190
  105206  110646   32384  116598  104802
  101438   63749   89347   87085   34697
   32550   40225   88749   73097   69499
   91263   50572   49972  115914  117805
  116143   85741   87811  116238   32278
   99362  101280  110450   64041  109861
  116492  117514   64043  114976  121446
   35803   54921   46960   83257   32170
   87072   97991  104422  120607   79185
  101988   74661   50207  116372  104162
   58367  101896   46471   51449  114826
   98083   36067  113071   32110  121460
  111534   78285   85361   93427   56067
  117768  106369   51113   36909   60943
   32806  123087   90605  119384   97298
   78255   86411  110908  101079   70763
   45521  116738   62439   32090   98391
  116050  111214   32608   52787   98836
  101704   32288  100393   97960   32418
   86395   86563   87143   35923   52747
   45615  109805  115116   34513   99098
  121485   96263  105158   94645   91129
  101070  110440  116456  109891   84293
   38489  105428  115704  116192   44319
  107285   44602   32530  100122   33217
  101718   70253  118474  101986  105589
   63299  108912  111532   68467  112714
   87387   32296   61633   52651  124815
   92391   58021   50013  116776  104548
  101664  111427   39475   32938  119293
   78299  108724   97682   57569  116518
  101794  115762  116932   97507   32616
  107900  105236  109583   57215  108100
   34863  108064  101214   41047  124423
   65085  114986   32748  120309  120379
   97362  100901  112034  112102  108458
  116595   36527  105356   99342   97238
  116316  105692  101829   74477   80637
  111138   89987   50433  110778   44358
   74091   32430  111866  114426   32666
   42463  115813   67951  106980  117918
   46783  115834  116611  107097  116442
   32430  107198   48393   58229  110144
  107375   72531  111346  119722   32306
   54011   41977  119094   55695  101431
   73225   72715   70619   67631  104236
   78849   97626   37849  116364   35755
  118493   90651   32820   34151  105256
   81451  116704   32284   67175  114732
  101550  110625   97566   69093   86429
  108772  108138  121878   37859   84167
   32614  109642  103177  101406   97288
  102299  110548  115230   32404  119320
   93109  104374   98477  101962  110618
   32238   50193   80623  115786  124881
   57077  111510   98591  109780   58923
  101872  111056  110010  126703  101474
   32460  117171  115526  126691   97182
  121688  101949   64643  115130   32700
  147126  116686  104102  101226   32830
   83611   99288  111708  121319  107463
   93073   86749  124007   36903  109828
  120125   42189  118597  100467  112602
  123099   33131  117844  116430   65613
  120113  101991  101842  114202  122393
   32118  115411   68455   37399   57459
  109256   97306  100990  101634   32760
   97738  106815   92357   68777   32104
   91523   61085  109140   44217   81345
   39053   83531  105906   53819   37695
  115478  116026   97764  107494  101476
   53763  148572  125401   94831   44728
  103089   32200   48077  115804  116558
   38213  101389  113765  117306  100098
   39333   42233   75051  121272   45969
  105446   37275  110634   35597  103212
   86065   69871   32406  121703   99674
  111782   86885  109160  117759  112646
   99975   58471  117600  115331  116100
  102243   64773  105744   40297   93827
  110812  103096   32528  119908  110043
   51197  105308  108416   48267  108342
   60475   32302  112108  114868  106405
  116897  106241   65557   54847   59415
  118713  109797  100475  111512  121917
   45217   33493  118868  105700   33369
  100470  125667  101604   45379   32934
  121124   97429   35491   59759  105767
   94427  111256  125621   78101  117504
   86697   64321  116789   32508  119190
   93971  105221  105944  116880  104630
   32402  118064   74617   97746  108674
   83287   49079   86965  117966   97240
   56471   77583   98580  108842   51689
  101454   83591   99499   32460  107222
   53915   78211   67581  100063  110342
  111470  119010   35595  108682  101022
   98703   53301   35043  100160   38289
  103282  101056   46084  114813   10916
  103423   10100   95093   33825   84010
  104552   43257  101762  114408   58873
   92969  101932   32930   97778  114080
  101416   84553  105015   70473   36701
   87061   41023   37221   32908  109190
   88833  111620  114572  101176   32668
   36141   82619  114608   33269   63417
  110829  101624   97250   71527   71365
   71017  115980  102597  111114   82687
   72651  113859  110766  115208   67763
   32482   36189  116882   59943   76203
   36697   72609  111138   89075   32984
   96987   44041   60215   43845   98700
  101718   99252  111174  109064  101340
   32762   50873  117147   97968   32336
   67786  122759  111052  109146  112632
  117756  123937   61997   71391   40491
  116050  101390  114022   32750   64869
   83364   36641   99990  101295  105650
  101818  110726   67009   82165   99404
   73133   46061  101596   32110   77752
   97438   65065  106162  108599  108063
   98767   84767  111010  114748   32526
   97544   90603   41339   89349   48013
  116632   32678  104104  116026  112509
   46701  105087  117891  116472  112736
   58414   47286   59029   47778   48743
   99146   77817   51093  111198  109336
   36321   86631  112674  117390  116430
   47509  105418  110594  103940   99386
   97616   77551  114528  101970   79193
  101266   71265  114216   57185  115048
   46062   79881   75957   58525  105421
   97498   42381   96539  124895   42975
   50559   99632  109848   99117   46674
   47563   39103  111382  114296  106519
  119595   97447  103406   83595   71523
   47168   68839   63346  112282   65543
   97476  103544  101208   95332  124861
  126831  114133  117007   88959  105246
   66757  100504   61940   34829   44135
   91407   52196  118157   46104   84999
   10964   10674
