Threshold Used, Number of items, Correct Classifications, Correct Classification Rate, Number of Skin Items, Correct Skin Classifications, Correct Skin Classification Rate, Number of Other Items, Correct Other Classifications, Correct Other Classification Rate, False Acceptance Rate, False Rejection Rate
0.01, 2583552, 1723675, 0.667173, 133449, 131113, 0.982495, 2450103, 1592562, 0.649998, 0.350002, 0.0175048
0.02, 2583552, 1942844, 0.752005, 133449, 129858, 0.973091, 2450103, 1812986, 0.739963, 0.260037, 0.0269092
0.03, 2583552, 2069964, 0.801209, 133449, 128753, 0.964811, 2450103, 1941211, 0.792298, 0.207702, 0.0351895
0.04, 2583552, 2136784, 0.827072, 133449, 127864, 0.958149, 2450103, 2008920, 0.819933, 0.180067, 0.0418512
0.05, 2583552, 2189671, 0.847543, 133449, 127041, 0.951982, 2450103, 2062630, 0.841854, 0.158146, 0.0480183
0.06, 2583552, 2219326, 0.859021, 133449, 126509, 0.947995, 2450103, 2092817, 0.854175, 0.145825, 0.0520049
0.07, 2583552, 2264124, 0.876361, 133449, 125533, 0.940681, 2450103, 2138591, 0.872858, 0.127142, 0.0593185
0.08, 2583552, 2296302, 0.888816, 133449, 124609, 0.933757, 2450103, 2171693, 0.886368, 0.113632, 0.0662425
0.09, 2583552, 2318546, 0.897426, 133449, 123914, 0.928549, 2450103, 2194632, 0.895731, 0.104269, 0.0714505
0.1, 2583552, 2331556, 0.902461, 133449, 122995, 0.921663, 2450103, 2208561, 0.901416, 0.0985844, 0.078337
0.11, 2583552, 2349238, 0.909305, 133449, 122411, 0.917287, 2450103, 2226827, 0.908871, 0.0911292, 0.0827132
0.12, 2583552, 2374445, 0.919062, 133449, 121547, 0.910812, 2450103, 2252898, 0.919512, 0.0804885, 0.0891876
0.13, 2583552, 2387551, 0.924135, 133449, 120553, 0.903364, 2450103, 2266998, 0.925266, 0.0747336, 0.0966362
0.14, 2583552, 2401200, 0.929418, 133449, 119898, 0.898456, 2450103, 2281302, 0.931105, 0.0688955, 0.101544
0.15, 2583552, 2412176, 0.933667, 133449, 119018, 0.891861, 2450103, 2293158, 0.935944, 0.0640565, 0.108139
0.16, 2583552, 2418781, 0.936223, 133449, 118117, 0.88511, 2450103, 2300664, 0.939007, 0.0609929, 0.11489
0.17, 2583552, 2422393, 0.937621, 133449, 116999, 0.876732, 2450103, 2305394, 0.940938, 0.0590624, 0.123268
0.18, 2583552, 2436846, 0.943215, 133449, 115706, 0.867043, 2450103, 2321140, 0.947364, 0.0526357, 0.132957
0.19, 2583552, 2440416, 0.944597, 133449, 115341, 0.864308, 2450103, 2325075, 0.94897, 0.0510297, 0.135692
0.2, 2583552, 2446129, 0.946809, 133449, 114578, 0.85859, 2450103, 2331551, 0.951613, 0.0483865, 0.14141
0.21, 2583552, 2449181, 0.94799, 133449, 113352, 0.849403, 2450103, 2335829, 0.95336, 0.0466405, 0.150597
0.22, 2583552, 2453643, 0.949717, 133449, 112245, 0.841108, 2450103, 2341398, 0.955632, 0.0443675, 0.158892
0.23, 2583552, 2457470, 0.951198, 133449, 111175, 0.83309, 2450103, 2346295, 0.957631, 0.0423688, 0.16691
0.24, 2583552, 2457878, 0.951356, 133449, 110670, 0.829306, 2450103, 2347208, 0.958004, 0.0419962, 0.170694
0.25, 2583552, 2459607, 0.952025, 133449, 109793, 0.822734, 2450103, 2349814, 0.959067, 0.0409326, 0.177266
0.26, 2583552, 2466107, 0.954541, 133449, 108542, 0.813359, 2450103, 2357565, 0.962231, 0.037769, 0.186641
0.27, 2583552, 2467233, 0.954977, 133449, 107790, 0.807724, 2450103, 2359443, 0.962997, 0.0370025, 0.192276
0.28, 2583552, 2469622, 0.955902, 133449, 106778, 0.800141, 2450103, 2362844, 0.964386, 0.0356144, 0.199859
0.29, 2583552, 2472390, 0.956973, 133449, 105877, 0.793389, 2450103, 2366513, 0.965883, 0.0341169, 0.206611
0.3, 2583552, 2474613, 0.957834, 133449, 104451, 0.782704, 2450103, 2370162, 0.967372, 0.0326276, 0.217296
0.31, 2583552, 2475751, 0.958274, 133449, 103180, 0.773179, 2450103, 2372571, 0.968356, 0.0316444, 0.226821
0.32, 2583552, 2478403, 0.959301, 133449, 102244, 0.766165, 2450103, 2376159, 0.96982, 0.03018, 0.233835
0.33, 2583552, 2478007, 0.959147, 133449, 101108, 0.757653, 2450103, 2376899, 0.970122, 0.0298779, 0.242347
0.34, 2583552, 2479097, 0.959569, 133449, 100053, 0.749747, 2450103, 2379044, 0.970998, 0.0290025, 0.250253
0.35, 2583552, 2479382, 0.95968, 133449, 98837, 0.740635, 2450103, 2380545, 0.97161, 0.0283898, 0.259365
0.36, 2583552, 2480228, 0.960007, 133449, 98122, 0.735277, 2450103, 2382106, 0.972247, 0.0277527, 0.264723
0.37, 2583552, 2481656, 0.96056, 133449, 97311, 0.7292, 2450103, 2384345, 0.973161, 0.0268389, 0.2708
0.38, 2583552, 2481586, 0.960533, 133449, 96803, 0.725393, 2450103, 2384783, 0.97334, 0.0266601, 0.274607
0.39, 2583552, 2482425, 0.960857, 133449, 95803, 0.7179, 2450103, 2386622, 0.97409, 0.0259095, 0.2821
0.4, 2583552, 2484170, 0.961533, 133449, 94103, 0.705161, 2450103, 2390067, 0.975497, 0.0245035, 0.294839
0.41, 2583552, 2486187, 0.962314, 133449, 92022, 0.689567, 2450103, 2394165, 0.977169, 0.0228309, 0.310433
0.42, 2583552, 2486502, 0.962435, 133449, 90418, 0.677547, 2450103, 2396084, 0.977952, 0.0220476, 0.322453
0.43, 2583552, 2486571, 0.962462, 133449, 88781, 0.66528, 2450103, 2397790, 0.978649, 0.0213513, 0.33472
0.44, 2583552, 2487405, 0.962785, 133449, 86798, 0.650421, 2450103, 2400607, 0.979798, 0.0202016, 0.349579
0.45, 2583552, 2487009, 0.962632, 133449, 85680, 0.642043, 2450103, 2401329, 0.980093, 0.0199069, 0.357957
0.46, 2583552, 2487183, 0.962699, 133449, 84442, 0.632766, 2450103, 2402741, 0.980669, 0.0193306, 0.367234
0.47, 2583552, 2487731, 0.962911, 133449, 83778, 0.62779, 2450103, 2403953, 0.981164, 0.0188359, 0.37221
0.48, 2583552, 2487550, 0.962841, 133449, 81893, 0.613665, 2450103, 2405657, 0.98186, 0.0181405, 0.386335
0.49, 2583552, 2487367, 0.96277, 133449, 80337, 0.602005, 2450103, 2407030, 0.98242, 0.0175801, 0.397995
0.5, 2583552, 2487790, 0.962934, 133449, 78905, 0.591275, 2450103, 2408885, 0.983177, 0.016823, 0.408725
0.51, 2583552, 2487514, 0.962827, 133449, 77832, 0.583234, 2450103, 2409682, 0.983502, 0.0164977, 0.416766
0.52, 2583552, 2487803, 0.962939, 133449, 76356, 0.572174, 2450103, 2411447, 0.984223, 0.0157773, 0.427826
0.53, 2583552, 2488506, 0.963211, 133449, 74720, 0.559914, 2450103, 2413786, 0.985177, 0.0148226, 0.440086
0.54, 2583552, 2488456, 0.963192, 133449, 73952, 0.554159, 2450103, 2414504, 0.98547, 0.0145296, 0.445841
0.55, 2583552, 2488324, 0.963141, 133449, 73425, 0.55021, 2450103, 2414899, 0.985632, 0.0143684, 0.44979
0.56, 2583552, 2488030, 0.963027, 133449, 72109, 0.540349, 2450103, 2415921, 0.986049, 0.0139513, 0.459651
0.57, 2583552, 2487811, 0.962942, 133449, 70981, 0.531896, 2450103, 2416830, 0.98642, 0.0135802, 0.468104
0.58, 2583552, 2487041, 0.962644, 133449, 69009, 0.517119, 2450103, 2418032, 0.98691, 0.0130897, 0.482881
0.59, 2583552, 2486577, 0.962464, 133449, 66807, 0.500618, 2450103, 2419770, 0.98762, 0.0123803, 0.499382
0.6, 2583552, 2486588, 0.962469, 133449, 65730, 0.492548, 2450103, 2420858, 0.988064, 0.0119362, 0.507452
0.61, 2583552, 2486006, 0.962243, 133449, 64276, 0.481652, 2450103, 2421730, 0.98842, 0.0115803, 0.518348
0.62, 2583552, 2485242, 0.961948, 133449, 62648, 0.469453, 2450103, 2422594, 0.988772, 0.0112277, 0.530547
0.63, 2583552, 2483945, 0.961446, 133449, 60325, 0.452045, 2450103, 2423620, 0.989191, 0.0108089, 0.547955
0.64, 2583552, 2483919, 0.961436, 133449, 59110, 0.442941, 2450103, 2424809, 0.989676, 0.0103236, 0.557059
0.65, 2583552, 2483665, 0.961337, 133449, 58295, 0.436834, 2450103, 2425370, 0.989905, 0.0100947, 0.563166
0.66, 2583552, 2483476, 0.961264, 133449, 57376, 0.429947, 2450103, 2426100, 0.990203, 0.00979673, 0.570053
0.67, 2583552, 2482697, 0.960963, 133449, 55757, 0.417815, 2450103, 2426940, 0.990546, 0.00945389, 0.582185
0.68, 2583552, 2482411, 0.960852, 133449, 54503, 0.408418, 2450103, 2427908, 0.990941, 0.0090588, 0.591582
0.69, 2583552, 2481980, 0.960685, 133449, 53364, 0.399883, 2450103, 2428616, 0.99123, 0.00876984, 0.600117
0.7, 2583552, 2481700, 0.960577, 133449, 51387, 0.385068, 2450103, 2430313, 0.991923, 0.00807721, 0.614932
0.71, 2583552, 2480872, 0.960256, 133449, 49528, 0.371138, 2450103, 2431344, 0.992344, 0.00765641, 0.628862
0.72, 2583552, 2479049, 0.959551, 133449, 46776, 0.350516, 2450103, 2432273, 0.992723, 0.00727725, 0.649484
0.73, 2583552, 2478139, 0.959198, 133449, 44975, 0.33702, 2450103, 2433164, 0.993086, 0.00691359, 0.66298
0.74, 2583552, 2477118, 0.958803, 133449, 43721, 0.327623, 2450103, 2433397, 0.993182, 0.00681849, 0.672377
0.75, 2583552, 2476318, 0.958494, 133449, 42578, 0.319058, 2450103, 2433740, 0.993322, 0.00667849, 0.680942
0.76, 2583552, 2476002, 0.958371, 133449, 41735, 0.312741, 2450103, 2434267, 0.993537, 0.0064634, 0.687259
0.77, 2583552, 2475426, 0.958148, 133449, 40745, 0.305323, 2450103, 2434681, 0.993706, 0.00629443, 0.694677
0.78, 2583552, 2475118, 0.958029, 133449, 39854, 0.298646, 2450103, 2435264, 0.993944, 0.00605648, 0.701354
0.79, 2583552, 2474402, 0.957752, 133449, 38696, 0.289968, 2450103, 2435706, 0.994124, 0.00587608, 0.710032
0.8, 2583552, 2473226, 0.957297, 133449, 36633, 0.274509, 2450103, 2436593, 0.994486, 0.00551405, 0.725491
0.81, 2583552, 2471911, 0.956788, 133449, 34029, 0.254996, 2450103, 2437882, 0.995012, 0.00498795, 0.745004
0.82, 2583552, 2470097, 0.956086, 133449, 30770, 0.230575, 2450103, 2439327, 0.995602, 0.00439818, 0.769425
0.83, 2583552, 2469166, 0.955725, 133449, 29258, 0.219245, 2450103, 2439908, 0.995839, 0.00416105, 0.780755
0.84, 2583552, 2468250, 0.955371, 133449, 27937, 0.209346, 2450103, 2440313, 0.996004, 0.00399575, 0.790654
0.85, 2583552, 2467255, 0.954986, 133449, 26396, 0.197798, 2450103, 2440859, 0.996227, 0.0037729, 0.802202
0.86, 2583552, 2465609, 0.954349, 133449, 23768, 0.178105, 2450103, 2441841, 0.996628, 0.0033721, 0.821895
0.87, 2583552, 2464516, 0.953925, 133449, 21916, 0.164228, 2450103, 2442600, 0.996938, 0.00306232, 0.835772
0.88, 2583552, 2464170, 0.953792, 133449, 21265, 0.159349, 2450103, 2442905, 0.997062, 0.00293784, 0.840651
0.89, 2583552, 2463047, 0.953357, 133449, 19385, 0.145261, 2450103, 2443662, 0.997371, 0.00262887, 0.854739
0.9, 2583552, 2461510, 0.952762, 133449, 16940, 0.12694, 2450103, 2444570, 0.997742, 0.00225827, 0.87306
0.91, 2583552, 2460845, 0.952505, 133449, 15743, 0.11797, 2450103, 2445102, 0.997959, 0.00204114, 0.88203
0.92, 2583552, 2459839, 0.952115, 133449, 13974, 0.104714, 2450103, 2445865, 0.99827, 0.00172972, 0.895286
0.93, 2583552, 2459334, 0.95192, 133449, 13146, 0.0985095, 2450103, 2446188, 0.998402, 0.00159789, 0.90149
0.94, 2583552, 2457162, 0.951079, 133449, 10136, 0.0759541, 2450103, 2447026, 0.998744, 0.00125587, 0.924046
0.95, 2583552, 2455140, 0.950296, 133449, 7036, 0.0527243, 2450103, 2448104, 0.999184, 0.000815884, 0.947276
0.96, 2583552, 2454560, 0.950072, 133449, 6234, 0.0467145, 2450103, 2448326, 0.999275, 0.000725276, 0.953286
0.97, 2583552, 2453879, 0.949808, 133449, 5327, 0.0399179, 2450103, 2448552, 0.999367, 0.000633035, 0.960082
0.98, 2583552, 2453319, 0.949591, 133449, 4368, 0.0327316, 2450103, 2448951, 0.99953, 0.000470184, 0.967268
0.99, 2583552, 2451495, 0.948885, 133449, 1830, 0.0137131, 2450103, 2449665, 0.999821, 0.000178768, 0.986287
