2880
28.7583
49.0457
51.8331
 54.142
 56.353
58.1354
59.8505
61.4543
63.0116
64.7658
66.5664
68.1811
69.9792
71.4917
72.6586
73.4252
73.8497
74.2957
74.3746
74.4925
74.8007
 75.103
75.2475
75.2998
75.3887
75.4477
75.6005
75.6495
75.6728
75.5905
75.5548
75.1321
  74.49
73.5955
 72.407
70.7749
69.1362
67.4801
65.8754
64.3646
 62.593
60.7517
58.7542
 56.343
 53.745
50.8563
 47.593
27.6346
47.2973
80.8912
85.2915
89.1262
92.5897
95.5399
98.2367
100.925
103.507
106.298
109.168
111.914
114.817
117.323
119.019
120.267
121.141
121.723
121.925
121.919
122.397
122.698
122.817
  122.9
123.079
123.268
  123.4
123.471
123.502
123.551
123.596
123.191
122.083
120.586
118.696
116.149
113.238
110.577
107.918
105.404
 102.42
99.1985
  95.99
92.2957
87.9934
83.3596
 78.137
45.3414
48.4153
82.7841
87.1304
90.7766
94.3289
97.3638
99.9867
102.628
105.433
 108.35
  111.1
114.185
117.089
119.577
121.262
122.599
123.331
123.913
123.876
123.973
124.291
124.358
124.432
124.662
124.819
124.968
124.967
125.042
125.221
125.487
125.575
125.212
124.183
122.938
 120.99
118.467
115.331
112.465
109.855
107.099
104.192
100.792
97.5191
93.7733
89.4402
84.7633
79.5864
46.2193
49.6238
84.6047
88.8081
92.4444
96.0257
98.8073
 101.58
 104.24
107.251
110.239
113.048
116.094
119.092
121.739
123.645
124.521
125.122
125.593
125.867
125.926
125.928
125.918
126.057
126.248
126.434
 126.74
126.694
126.646
126.836
127.216
127.181
127.115
126.055
124.737
122.682
120.146
 116.98
113.927
111.341
108.426
105.517
102.453
99.0864
95.0407
 90.701
86.1088
80.9369
 47.103
50.8297
86.4336
90.3754
93.6271
96.8721
99.6254
102.317
105.081
107.909
110.835
113.638
116.617
 119.56
122.361
124.276
125.154
125.779
 126.44
127.036
127.311
127.414
127.387
127.491
127.509
127.731
127.878
127.913
127.707
127.764
127.731
127.363
127.163
126.339
124.794
122.655
120.085
117.182
114.038
111.244
108.483
105.669
  102.9
99.8738
96.0449
91.7043
87.3953
82.5714
48.2259
52.0797
87.9269
91.6088
94.5855
97.1171
99.2243
101.232
103.288
105.736
 108.19
  110.6
113.295
116.056
119.013
121.325
122.669
123.889
124.982
125.995
127.001
127.615
128.066
128.032
128.179
128.096
128.093
127.872
127.359
126.698
125.855
124.831
123.826
122.727
120.782
118.543
115.998
 113.28
110.742
108.082
105.456
103.033
100.974
98.9817
96.1595
92.5789
88.5141
84.1437
49.3654
  53.24
89.2458
92.1952
94.1869
95.3937
96.0473
96.5855
 97.809
99.5847
101.469
103.074
104.831
107.039
109.696
112.484
115.277
117.812
 120.12
 122.07
124.248
125.811
126.793
127.211
127.321
127.187
126.918
126.081
124.762
122.952
120.719
118.583
116.294
113.611
110.791
 108.37
105.998
 103.89
102.238
 100.75
99.1096
97.3081
96.1645
95.5789
94.3239
92.0872
89.1437
85.4211
50.4776
54.0855
89.7733
91.2126
91.6321
91.1578
89.8463
 89.201
89.4875
90.1445
90.5756
91.0241
91.7749
93.3654
95.7865
98.9128
102.909
107.154
111.338
115.331
119.099
121.859
 123.58
124.537
124.876
124.597
123.746
122.175
119.453
 116.03
112.181
 108.19
 103.86
99.8065
96.2317
93.5515
91.6296
90.5831
90.2824
 90.436
90.4095
89.8571
89.7085
90.1146
90.4792
90.0042
88.5905
86.3032
51.4394
54.7226
89.4053
89.0523
 87.456
85.3223
83.6761
82.9618
 82.387
81.6088
80.2857
79.1238
78.5814
79.2085
81.1312
84.1944
88.8646
 94.353
100.077
106.054
111.623
115.991
119.088
120.761
121.369
120.743
119.202
116.569
112.301
106.968
101.522
95.7184
 89.647
84.7982
81.0922
78.7633
77.8704
78.1478
79.8364
81.9236
83.6445
84.4095
84.5556
84.9319
 85.564
86.3447
86.6678
86.2359
52.1321
54.9294
88.3696
86.0689
83.5897
82.0781
81.2641
81.0714
80.3206
78.6628
 76.162
73.3929
71.3364
70.3264
70.9203
73.0523
77.1038
82.4726
 88.804
95.7409
102.796
109.113
113.751
116.702
117.783
116.964
114.379
110.184
104.243
97.5482
90.9037
 84.446
78.2907
73.7309
70.9726
70.1537
71.0216
73.3995
76.8837
80.1246
82.1337
83.0274
83.0739
82.8364
 82.662
83.2575
84.2226
85.2882
52.4377
 54.613
86.9203
84.5457
83.1096
82.8937
83.7218
84.3937
84.4319
83.0581
80.3713
76.7151
 73.191
70.2757
68.4801
68.5532
 70.887
75.1204
80.4776
 87.088
94.8854
 102.73
109.377
113.846
115.549
114.411
110.759
104.525
96.9801
89.3804
82.9419
77.2168
72.5748
69.4535
68.5407
70.0515
73.3339
77.2633
81.3422
84.4435
86.1487
86.2409
85.5831
84.4651
83.1462
 82.559
83.2292
84.9095
52.6736
54.8746
87.4178
85.6611
85.5972
86.6453
88.1445
89.9078
90.6171
90.0955
88.1819
84.9817
80.8397
 76.642
73.0498
71.0498
70.9867
72.8007
 76.113
81.5615
88.9277
98.0673
106.923
113.019
115.338
114.086
109.245
101.037
 91.735
83.9194
78.1678
74.2857
72.1561
71.6445
72.6038
 75.691
79.8497
 84.098
87.9061
 90.196
90.7483
 90.103
88.8829
87.1902
85.4352
83.7093
83.7616
84.9402
52.9751
55.6171
88.6379
87.2292
87.6694
88.9767
90.4045
90.9743
91.0748
90.6229
89.6819
87.3488
83.4743
79.1777
75.4028
73.4834
73.2201
73.5382
74.7301
78.3646
85.5399
95.4028
106.483
114.528
117.165
115.843
110.086
99.6645
88.9236
80.6445
75.8638
74.4194
74.0731
73.9468
74.9535
 77.745
81.6628
85.5141
88.6445
90.2317
90.0972
89.5864
89.0042
88.3729
86.9419
85.3455
84.8463
85.8812
53.4734
56.4934
89.7932
88.2658
 88.015
87.8837
86.4859
84.0233
82.4161
81.0764
 78.936
75.7301
72.6603
71.4502
70.8048
70.3314
71.0897
73.1844
74.4693
77.0083
84.0025
94.4012
107.186
117.344
120.772
119.244
112.034
  99.75
88.0731
79.2292
74.8762
74.2051
 72.691
71.1977
71.6238
  71.99
 71.941
73.2384
76.0623
78.6412
80.2699
81.2949
 83.299
85.2251
85.9659
85.9136
86.1254
87.2392
54.1902
57.2625
 90.451
88.2924
86.1944
82.1869
76.4543
71.7841
68.8779
64.9518
 59.015
56.0091
 52.858
56.3106
61.1977
64.7068
67.2076
 70.152
72.8862
76.2641
84.0316
95.0689
108.782
121.339
 125.88
124.147
115.055
  101.1
   88.5
78.6387
73.7741
71.6761
69.1811
67.4884
65.1794
59.3513
55.5847
52.8405
56.7342
61.1113
66.3663
68.7583
71.8355
77.3787
82.3538
85.1944
 87.059
88.7658
55.1678
 58.162
90.9734
  87.51
82.5091
73.9219
65.3131
61.2126
61.7259
 59.706
51.8621
46.4194
44.9643
 52.588
65.3513
67.1121
64.4086
69.2807
74.3405
 78.848
85.9543
95.4493
109.452
123.951
129.509
127.616
117.123
 102.11
90.3164
81.6603
76.6802
72.9394
67.2874
67.3862
72.8646
59.9186
49.2259
43.8414
49.5914
  57.01
64.9294
61.6728
62.5706
68.4037
77.3405
 84.206
88.2483
90.6802
56.2699
58.9369
92.1561
87.1404
 79.701
70.0083
63.0573
62.5814
69.9709
70.7226
58.3555
 47.157
 46.299
58.7782
81.2243
82.9327
69.7492
 71.436
81.9111
88.4394
90.6761
96.5772
109.701
125.032
130.761
129.162
118.051
102.917
93.5515
90.0997
87.2899
77.5332
70.0299
79.7683
90.9784
71.4759
52.1462
46.3613
53.4244
67.1686
75.9975
68.0033
 63.265
67.1329
75.6146
 84.363
90.3256
93.3513
58.0191
60.4975
94.8887
89.7267
82.9676
76.6022
73.2907
75.6686
81.9485
84.1254
76.5648
 68.363
67.4826
78.8987
93.0673
92.9693
84.9186
83.8522
90.9153
95.7093
94.5282
97.9452
110.428
 125.06
130.351
128.991
118.225
103.914
96.4635
96.4668
96.4012
89.3248
86.3804
91.5997
97.4601
89.2542
74.9975
70.0681
75.4244
85.0091
86.8829
80.0224
75.4161
76.2633
81.7949
88.6985
94.4128
 97.338
60.2733
62.6387
98.9942
95.0972
91.1786
 88.088
86.6213
87.6055
 90.593
 92.985
92.0008
89.2899
 88.588
91.7932
94.7816
94.8605
  94.24
94.9942
96.8787
97.5191
96.6138
99.6478
111.645
 125.02
129.788
128.493
118.714
104.859
98.5939
98.5266
99.8513
98.5623
 96.544
95.7674
96.2243
94.4344
91.2865
90.2857
92.1636
94.0905
92.9103
89.5556
88.2542
89.9269
92.5424
96.4601
100.228
101.748
62.5673
64.4527
103.113
101.116
99.4983
98.0689
96.9103
96.0424
95.9518
96.2126
95.9311
95.0166
94.0664
93.7899
94.4302
95.4543
96.9925
98.6561
100.104
100.066
98.9078
 101.73
112.904
124.696
129.088
127.944
118.963
105.806
100.378
 100.74
102.398
101.949
99.9336
97.2284
95.7566
95.4336
95.6836
96.4842
97.4842
 98.039
97.7566
97.4103
98.5897
100.897
102.463
 104.16
105.718
105.547
 64.397
66.0299
 106.88
106.393
 106.14
105.494
104.591
103.327
102.149
101.192
100.352
 99.686
99.2816
99.5382
100.661
 102.33
104.054
 105.14
105.025
103.174
101.098
103.998
113.753
124.078
128.478
127.409
118.879
107.002
101.527
102.942
106.059
107.591
 107.06
105.121
102.743
101.181
100.659
101.198
102.007
102.767
103.874
105.316
 107.15
108.792
109.858
 110.28
110.167
108.519
 65.696
67.1204
109.513
110.548
111.257
 111.55
111.458
110.851
110.187
109.636
109.322
109.187
109.026
109.121
109.729
110.723
111.596
111.115
108.108
104.596
102.736
105.868
114.174
123.531
127.988
  126.9
118.655
107.901
102.613
103.699
107.769
112.107
114.022
113.419
111.959
111.035
110.858
111.158
111.653
112.384
113.361
114.316
115.125
115.604
115.825
115.003
 113.44
110.642
66.4518
67.9593
111.304
113.421
115.222
116.461
117.248
 117.62
117.819
117.708
117.429
116.936
116.391
116.002
116.278
117.449
 116.96
113.499
108.686
 104.77
104.017
107.197
114.648
 123.45
127.816
126.617
118.625
108.805
103.659
103.894
107.488
113.054
118.089
119.802
118.859
118.002
118.008
 118.85
119.789
120.493
121.193
 121.59
121.536
121.101
120.229
118.208
115.315
111.578
66.7209
68.2733
112.283
 115.14
117.753
 119.94
121.428
122.315
122.542
122.479
122.138
121.452
121.081
121.287
121.981
121.842
119.066
113.366
107.792
104.965
 105.14
108.203
115.364
123.507
127.759
126.517
 119.22
109.927
104.444
103.887
106.613
112.093
 118.66
123.156
124.272
123.674
 123.38
123.686
124.498
125.344
125.842
126.056
 125.87
124.691
122.735
119.624
115.996
111.723
66.5997
68.1852
112.434
115.615
118.826
121.605
123.811
125.074
125.705
 125.71
125.556
125.268
125.237
125.449
125.206
123.483
 118.91
112.135
106.841
104.895
105.602
109.536
116.703
124.048
127.944
126.914
120.381
111.489
105.287
103.442
105.554
110.498
117.471
123.501
126.733
127.671
127.532
127.485
127.793
128.442
128.973
128.975
128.164
126.314
123.463
119.751
115.607
111.058
66.1262
67.8588
111.961
114.883
118.213
121.578
124.502
126.477
127.522
127.824
127.895
127.795
127.752
127.587
126.329
 123.32
 117.25
109.826
104.634
103.329
105.559
111.024
118.811
125.658
128.861
128.221
 122.47
113.507
106.082
102.488
103.288
107.933
115.608
122.547
126.848
129.086
129.864
130.019
130.148
130.577
130.665
130.125
128.629
126.073
122.574
118.757
114.473
109.762
65.6138
67.3962
110.713
113.695
117.007
 120.59
123.825
126.413
 128.07
128.821
 129.05
129.162
128.982
128.069
 125.68
120.944
113.581
105.634
101.036
101.438
105.598
 112.52
121.431
128.219
130.554
 130.35
125.542
115.857
107.023
101.627
100.496
 103.62
111.528
120.277
125.806
128.864
130.258
130.885
131.131
131.323
131.253
130.365
128.076
124.921
121.152
117.073
112.773
108.498
64.7384
 66.706
109.475
112.153
115.547
119.266
122.868
125.997
128.041
129.035
129.507
129.434
128.605
126.697
122.873
116.564
108.242
101.264
99.7716
 102.15
106.408
113.605
123.907
 131.19
132.627
132.529
128.625
117.774
108.069
102.644
100.281
100.498
 106.24
114.785
122.214
127.031
129.587
131.024
131.627
131.667
131.228
129.784
127.194
123.676
119.522
 115.14
110.968
106.752
63.8032
65.9934
108.183
110.572
113.948
117.829
 121.57
 124.85
127.189
128.375
128.811
128.346
126.917
123.701
117.993
109.977
102.163
99.4834
102.347
104.627
106.664
 112.61
123.322
130.881
131.417
131.012
127.945
116.578
107.157
103.753
102.689
100.424
101.309
107.923
115.943
122.499
126.857
129.036
130.219
130.502
130.041
128.477
125.626
121.948
117.814
113.507
109.182
105.077
63.1213
65.2558
106.882
109.157
112.323
116.075
119.937
123.375
125.664
126.807
127.047
125.931
123.287
118.457
  111.1
102.838
97.0839
99.3447
103.689
 103.56
 102.34
  106.2
115.506
 122.67
123.424
122.866
119.135
109.129
101.589
101.083
103.022
 101.23
98.1196
101.229
109.081
116.631
 122.41
126.064
127.987
 128.64
128.306
126.685
123.892
120.235
115.892
111.434
107.499
103.754
62.5266
64.4527
105.546
107.651
 110.58
114.053
117.672
120.762
122.995
124.054
124.002
122.308
118.569
112.215
104.584
97.3123
94.0482
96.6287
98.0806
93.5806
89.2807
92.5573
101.958
108.661
110.155
109.418
104.812
95.4585
88.8588
90.3148
95.5631
97.5291
95.1578
  96.51
102.653
110.385
117.109
121.829
124.592
125.715
125.467
124.041
 121.39
117.735
113.595
109.473
105.692
102.404
 61.804
63.7251
104.133
105.878
108.573
111.763
115.021
117.708
119.766
120.772
120.278
117.997
113.276
106.622
99.8638
95.2708
93.1047
91.0947
85.6844
75.6013
69.0216
73.9477
86.4136
93.7998
94.8887
94.0233
89.1952
 78.505
69.2924
70.7218
80.2608
88.6578
92.5341
95.0365
99.0208
104.909
 111.66
117.187
120.659
122.285
122.162
120.724
118.267
114.918
111.144
107.286
103.868
100.924
  61.24
63.0399
102.802
104.335
106.606
109.197
111.994
114.385
116.109
116.908
116.089
113.217
108.354
102.573
98.1719
96.7816
95.0606
89.3463
78.8704
67.1329
 61.353
65.7591
75.7733
81.1188
80.7035
80.3289
77.5648
68.8621
60.5689
61.0822
70.7326
83.7641
93.1703
 97.137
99.2583
102.365
107.448
112.585
116.268
 118.26
118.474
117.305
114.995
111.897
108.566
105.072
101.971
99.7724
 60.809
62.6545
101.808
102.696
104.605
106.935
109.251
 111.15
112.465
112.726
111.676
109.013
105.213
101.449
99.9294
100.278
99.0191
93.4053
83.3123
74.1736
71.7907
74.9377
77.5889
76.4593
73.4452
73.8439
75.3347
73.4477
70.0889
69.2766
75.5565
87.9369
 97.559
101.352
102.049
  103.1
105.568
109.204
112.439
114.303
114.706
113.712
111.736
108.995
106.062
102.964
100.441
99.0324
 60.505
62.7243
101.199
 101.47
102.882
104.556
106.438
107.964
 109.01
109.179
108.213
106.259
103.947
102.485
 102.72
103.173
102.429
98.7924
92.4485
86.4136
84.4493
85.4277
85.4344
 82.044
78.0349
  78.49
81.6296
82.8389
81.8115
81.9676
87.3297
95.8729
102.082
104.796
105.167
105.261
105.695
107.262
109.422
110.647
110.946
110.267
108.694
106.492
103.808
101.164
99.2882
98.2691
  60.25
62.9194
101.045
100.452
101.383
102.697
104.194
105.279
105.914
106.033
105.483
104.499
103.581
103.527
104.169
104.374
 103.62
101.182
 97.892
94.8198
93.1196
  93.25
93.3339
91.1329
88.3663
88.7724
91.2932
 92.245
91.5797
92.3605
95.6694
100.083
103.656
    106
106.879
106.751
106.213
106.292
107.052
107.822
107.876
 107.35
106.114
104.194
 101.93
99.7824
98.3123
97.5291
60.0831
63.0905
100.972
99.7517
100.199
101.151
102.399
103.013
103.431
103.468
103.192
 103.03
102.972
103.581
103.916
103.751
102.975
101.206
 99.235
97.8007
97.3879
98.3721
99.2309
97.8505
96.1453
96.5855
98.8422
99.2392
97.7458
97.3148
 98.451
  100.6
 103.09
105.035
105.934
106.198
105.762
105.187
105.077
105.516
 105.43
104.967
 103.97
102.409
100.384
98.5664
97.6121
97.1935
60.1329
62.8173
100.617
99.4161
99.3297
100.114
101.076
101.618
101.548
101.294
101.126
101.172
101.342
101.668
101.554
101.218
100.536
99.4294
98.4817
 98.245
98.9103
101.057
 102.58
101.804
100.821
 100.69
102.839
103.101
100.801
99.1836
98.8106
99.5581
100.731
102.009
102.736
103.161
103.257
103.051
102.972
103.395
103.706
103.204
102.616
101.128
 99.441
97.7176
97.2359
97.1728
60.4311
 63.162
 100.58
99.3522
98.8015
99.4834
100.453
100.731
 100.35
99.7824
99.2076
98.5166
98.0473
97.5316
97.0623
 96.696
96.4543
96.4252
96.6113
97.3513
98.9734
101.613
103.815
103.262
102.336
 102.26
 103.85
103.848
101.184
99.0415
97.6337
96.9419
96.9277
96.8563
97.3131
97.9551
98.8804
99.7317
100.478
101.442
102.197
102.212
101.759
100.335
98.8297
97.4676
97.2159
97.4635
61.1238
63.5515
100.875
99.2708
98.5955
99.0748
100.057
100.351
99.6429
 98.461
97.0282
95.3729
93.6013
92.0507
91.3422
91.5797
 92.588
93.6146
94.8289
96.2517
97.7159
99.7807
102.252
102.865
102.593
102.841
103.001
100.958
98.6944
97.3115
 95.858
94.5108
93.1038
91.8846
91.4369
91.9909
93.7118
95.6229
97.5598
99.6985
101.005
101.694
101.379
100.073
98.4809
97.4136
97.2907
97.7973
61.5789
63.8987
101.227
 99.397
98.4718
98.8048
99.7658
100.119
99.3713
97.7625
95.4593
 92.863
89.8248
86.9161
85.7135
86.4385
 88.657
90.4551
91.4311
92.0473
91.9477
92.6022
95.5208
97.3638
98.5407
98.8439
96.8895
93.0191
90.8472
91.1777
91.0457
90.3812
 88.735
86.9759
85.9892
86.3023
88.8264
 92.196
95.7525
98.8306
100.635
101.402
101.176
99.8239
98.1387
 97.137
97.1553
98.3771
62.0606
64.3297
101.504
 99.495
98.3239
98.5797
99.4875
99.8364
99.2334
97.4751
 94.544
91.3953
87.6221
83.4726
80.6146
80.4145
81.9576
82.7907
82.6852
82.9875
82.8895
84.0257
86.7733
88.2101
88.9211
89.3239
87.6096
84.5814
81.9377
81.8488
81.5656
81.5457
81.5017
80.4012
80.0374
81.6736
85.6179
90.2508
94.7658
98.3953
100.672
101.325
100.721
  99.24
97.7533
96.7475
97.2807
99.2317
62.7093
65.0648
102.015
99.5008
98.0598
98.1013
99.0216
99.4834
99.1445
97.3148
94.4792
91.1296
86.6462
81.4734
77.0872
74.5042
73.6462
73.1553
72.5208
73.6553
 75.201
77.3895
80.0889
80.4784
79.8289
 80.436
80.0648
78.2525
75.5698
74.1022
72.5208
72.0847
73.1038
73.9568
75.2774
78.9003
84.3796
89.6802
94.4194
 98.289
100.609
101.007
100.059
98.4277
97.2068
96.5125
 97.559
100.267
63.5864
66.0889
102.451
  99.25
97.7375
 97.505
98.2733
 99.039
98.9153
 97.456
94.6728
91.4103
87.3256
82.3206
77.5598
74.3862
 72.392
71.8605
73.0698
75.7184
78.2442
80.8281
83.2218
82.8248
81.0365
81.8654
83.3272
82.6586
80.4128
  78.25
75.6811
73.5066
72.9842
74.0922
76.6611
80.6985
85.6246
90.5556
94.9934
98.5116
100.434
100.414
99.1246
97.5772
96.5158
96.3887
97.8978
 100.95
64.2741
66.5615
103.159
98.9684
97.5424
96.8364
97.2865
98.1786
98.4493
97.6346
95.5291
92.6993
89.6678
86.6354
83.9086
81.9535
 80.838
81.7126
84.6312
88.8148
93.1777
96.9128
98.8239
98.4792
97.4161
97.8256
98.9145
98.6678
96.1827
92.4169
88.0831
84.5108
82.9186
 83.363
85.4817
87.7666
90.4626
93.2957
96.3771
98.8314
99.9203
99.3679
97.8978
 96.436
95.6827
96.1802
98.2442
101.875
65.4169
66.6586
103.316
98.7998
 96.853
96.1869
 96.206
96.8596
97.6088
97.5349
96.3297
94.5623
93.2566
   92.5
91.6752
90.8879
 90.407
90.6429
92.1719
95.3181
99.5233
103.511
105.337
105.432
105.151
105.244
 105.48
104.908
102.245
98.0739
94.2508
91.8596
91.2583
92.2027
93.8289
94.8688
95.4103
96.2251
97.6462
98.7392
98.9236
97.9203
96.4593
 95.196
94.9103
95.9061
 98.294
102.688
66.6794
66.9286
 103.68
98.9012
96.0847
95.4701
94.9468
95.3879
 96.343
96.7068
96.4826
95.9535
96.2483
96.9568
96.9576
96.3123
95.3173
94.3995
94.2002
95.0324
 96.941
98.8023
99.5457
99.4618
99.3164
99.2226
99.3663
99.0839
 97.755
95.6287
93.9942
93.7683
94.7301
96.6221
98.4867
99.2865
98.8895
98.3056
 98.255
98.1113
97.4826
96.0382
94.5316
93.5947
93.9452
95.4377
98.4352
 103.61
67.6545
66.7575
103.612
98.5623
95.5482
94.2384
93.9493
93.9153
94.7276
95.5424
96.0748
 96.637
97.9568
99.2359
99.4095
98.5025
96.9203
 95.265
93.8439
92.7566
92.1379
91.6944
90.7367
89.8364
89.6188
89.4859
 89.789
90.5299
91.1512
91.6005
92.3472
93.8754
95.9385
98.1645
100.164
100.811
100.184
99.0091
98.0432
96.9859
95.7791
93.9252
92.5141
91.7583
 92.696
94.7101
98.5939
104.403
68.1578
66.6437
103.524
98.6138
95.2658
 93.363
92.9385
92.5797
93.0889
93.9352
95.0449
96.1877
97.8497
99.3331
99.7151
99.1279
97.7998
95.8231
93.8173
91.6977
89.3995
87.2002
85.0606
83.4219
83.0183
83.1271
83.8596
85.5224
87.7342
89.7799
92.1063
94.5224
96.8322
98.8214
100.409
100.799
99.9228
98.5855
96.9518
95.2616
 93.495
91.7807
90.4826
90.3995
91.4958
93.6653
98.7442
104.551
68.2209
66.8704
103.483
98.6354
95.0108
92.6777
91.5457
91.4668
 91.505
92.2159
93.7899
95.2267
96.9718
98.4693
99.2874
99.1113
98.4269
97.1395
95.3131
93.2508
90.9801
88.7525
86.6022
85.1462
84.5457
84.7126
85.7259
87.4178
89.7035
92.0806
94.4975
96.5972
98.2243
99.4336
100.106
 100.01
98.9352
97.3555
95.5274
93.3638
91.2051
89.7159
88.6952
89.0922
89.8522
92.5473
 98.309
104.883
68.4153
 67.088
 103.72
   98.5
94.8821
92.4153
90.5748
89.9277
 89.936
90.4751
92.1138
94.0241
95.8488
 97.446
98.6952
99.2301
99.4128
99.1246
98.4169
97.3654
95.9709
94.6811
93.4684
92.4568
 91.951
92.2625
 93.137
94.4352
95.9734
97.3297
98.5864
99.6254
 100.12
100.203
99.7674
99.0806
97.6429
96.0042
93.7973
91.3762
89.2101
87.8945
87.5972
87.4452
88.3355
91.7724
97.0349
104.365
68.9585
  67.51
104.122
98.6603
94.1869
91.7683
89.4302
88.3679
88.5166
89.0507
90.5698
92.6578
94.6919
96.5598
98.2915
99.5706
100.753
101.645
102.202
102.332
102.213
101.979
101.685
101.358
101.111
101.207
101.917
102.537
103.032
103.329
103.271
102.925
102.267
101.112
99.6836
98.1495
96.1794
94.0706
 91.657
89.2326
87.4352
86.5806
86.1686
86.0058
88.1138
91.5324
96.3729
103.289
68.7517
67.8654
104.452
98.3671
93.5947
 90.838
88.1852
87.1437
87.0731
87.5831
88.8106
90.9784
93.3314
95.4452
97.5889
99.7442
101.903
103.853
 105.47
106.712
107.643
108.363
108.662
108.487
108.365
108.421
108.641
108.836
108.661
107.962
106.956
105.605
103.888
101.737
99.3032
96.9967
94.5066
91.9842
89.4485
87.1071
85.7367
84.9485
84.3779
85.1728
87.9095
91.4676
96.4909
103.035
67.9601
67.7749
104.699
98.0515
93.1229
89.7384
 87.314
86.0831
85.5116
85.9817
87.1196
89.1669
91.5723
94.0748
96.5673
99.2392
 102.09
104.628
106.812
108.782
110.259
111.396
111.973
112.042
111.944
 111.91
111.889
111.701
 111.12
110.034
108.405
 106.36
103.932
101.098
98.1503
95.1645
92.3281
89.4369
87.0698
85.1927
83.8621
82.9527
82.9244
84.8306
87.6503
91.2101
96.6669
102.402
67.4468
67.3488
104.198
98.0955
92.9145
89.1761
86.6844
84.9784
84.3355
84.3754
  85.26
86.9327
89.2184
91.9659
94.7542
 97.711
100.688
103.489
105.912
108.199
109.825
111.267
111.894
112.033
111.828
 111.73
 111.66
 111.49
 110.77
109.306
107.395
105.098
102.405
99.2849
95.8746
92.5066
89.4419
86.7616
84.4842
83.0174
81.8048
81.3048
82.4136
84.4942
87.4892
91.3206
 96.392
101.454
67.1487
66.9967
103.879
 98.495
93.5374
89.2616
86.4302
84.1686
83.3397
82.8347
83.4228
84.7475
86.6628
89.1453
 92.054
94.9219
97.7616
100.571
102.973
105.317
107.017
108.242
 108.89
109.071
108.966
 108.85
108.682
  108.5
107.837
106.274
104.136
101.774
 99.191
95.9709
92.4958
 89.304
86.3978
83.9111
82.0947
80.6794
80.0714
80.1462
 81.603
84.1379
87.1429
 91.397
95.6827
100.457
 66.147
 66.495
103.682
98.7733
94.4228
89.7932
86.1977
83.7616
82.3887
81.6163
81.5756
82.6495
84.1404
86.1836
88.6196
91.2558
93.7284
96.2641
98.5449
100.626
 102.26
103.329
103.941
103.917
103.831
103.802
103.588
103.446
102.787
101.326
99.2184
 96.995
94.4958
91.4344
 88.441
85.6786
83.2384
81.0988
79.7716
78.8837
79.0116
79.3355
80.9468
83.8779
87.1262
91.0449
95.3671
 99.804
65.3837
66.3123
103.468
 98.985
95.1304
90.2699
 86.451
83.6877
82.2791
81.0091
80.2882
80.6611
 81.637
83.0748
85.0465
87.1553
89.1022
91.0615
93.1761
94.8613
96.2309
97.2608
97.8173
97.7076
97.4884
97.3538
97.3198
97.0997
96.3289
94.9385
93.0631
91.1395
88.9169
86.5299
84.1728
81.8929
80.0839
78.7766
77.8505
77.7733
  78.26
79.0532
81.0382
84.0432
86.9651
90.9003
95.1669
99.4892
64.6287
 65.936
102.659
98.8098
95.3605
 90.245
86.9643
84.3297
82.3505
 80.647
79.6686
79.3414
79.6271
80.4867
81.5424
82.7799
84.2683
 85.696
87.0449
 88.461
89.5257
90.2118
90.5764
90.5216
 90.309
90.1586
90.1669
 89.985
89.1885
88.1246
86.6055
84.9601
83.3156
81.7525
80.3306
78.8879
77.6985
76.7633
76.7301
77.0415
77.7874
79.2234
81.4286
84.8306
87.0764
90.8513
94.9394
99.3339
64.2508
40.5897
63.4103
61.0565
58.8281
56.0033
54.0581
52.5606
51.2342
49.8073
49.0174
48.6146
48.5681
48.6993
48.8862
49.2741
49.8164
50.4635
50.8729
51.4003
51.8646
52.1645
52.2757
52.2334
52.1453
52.1146
52.0507
 51.985
51.5822
51.0183
 50.348
49.6437
49.0307
48.4709
48.0548
47.5523
47.0781
46.8929
 47.108
47.4867
48.1869
49.2907
50.6752
52.9244
54.0855
56.1703
58.3829
61.2949
39.4751
