  64313  78913 105117  46545  79829
  44429 126057  35737 104387 119949
  62107  48561 113063  56385  47713
  82360 105587 119369 119453 101232
 107407  97044  78677  96015  69645
  98715  69067 115986  91493 111274
  47633 112267 115901  85759 110126
  53125  56087  32546  38387  78846
  63661 117292 120203  58331  51659
  42045  96453 109610  58027  94843
  98222  48261 101546 114608 124899
 116227  32902 110687 106015  54753
  84093  90653  49982  55191 105115
  97445  32134 102718  90647 106743
  99909 111794 119883 114742 110705
 115395  60327  99119  32378  72271
  61055  51553 106469  77364 111539
  64115  99859  41595 103461  34381
  37953  78603 109829  54565  97188
 104711 117923 114887  94719  69131
 108899 125391  91411  59743  93223
 120111 106548 111574 114282 105584
  45793  76617 110388 103694  93095
  82871 119223  32646  51141  34051
  85137 105186 110010  42885  68323
  38783  59125  81973 117687  32264
  42729 111287 108117  66971  67706
 107343  70711 126741  48857 111422
 109798 112642  77019  93261  97421
 119807  53813  95881 103329 117390
  35139 117987 109521 100837 116188
  36023  85813  45187  43369 101742
 114540  55787 126695 112357  90711
  66449  32098  51667 101439  83412
  99320 105296  45381 104095  88935
  66837 101968  52853  77367  42999
 110824  99754  70697  62999  58647
  88631  42267  34679  41927  85527
  56085 101066 115461 106445 118705
 106785 125673  46791 111315  79679
  53049  76533  58320  66465  57711
  32904 113997  67752 111618  34493
  66361  35351  72641 109884  84915
  58599 112256 117646 116978 114401
  71539 125865 105052  44829  53051
  45699 110358  61855  34859 119187
  66771  90331 103240  32564 105146
  46373  33411 115516  82849  46293
  32598  34931  80105  50541  83211
 112164 125885  82891  97422 111431
  58463  43749 120185  47041 101805
  60965 123615 114560 116605  40503
 116825 116474 116213  92103  48827
  81059  86455 115851 118445  32888
 111024 102696  32916 101592  58961
 122267  63775 118602  51925 101396
  79813 114558  95321 125745  66449
 111273 120695 121058 120671  94499
 116906  98845  81541  61015 122519
  93623  53321 104458  67369 119265
  81465 118889 105444 110858  37721
  56869  42971  47829  62865  49595
 121963 103025  78405 103018 113887
  37205 105693  33905  82769  32652
  86159 119752 101752  50971 114871
  32292  53279  55467  91921  95941
  51135 100468 124523  39497  87141
 111890  33506  56081  10922  71757
  86591  59029 104387 118493  10992
 126583 108235  67894  48287  57373
  76623 101927  39953 111702 109748
  77591  62487  59813 112974  84335
 117022 116450  87937  65561  39071
 105720  80417  58867  83783 105035
  74783 119837  57771 120611  54323
  56899 113583  39265 110524  91943
  56991  89079  95295  33481  50109
 111601  40543  56857 108675  34077
 103760  93141 118493  32476  97724
  77215  72943  35305 110368  67403
  67585 107211  64129  55941  61905
  50285  95357  40123  69173 117103
  78661  66543  90057 100824  42451
  78307 112929  34669  32424 116363
 124151  68581  51593  99056 126765
  65865 101143 126215 125975  63801
  67023  68371  70677  79173  65461
  59409 123869  62365  82637 126333
 116509  79449  71219  51395  78859
  73047 123131 106289 111812  73857
  52997 109216 121267  55875  61859
  91089  78473  47505  50939  49605
 103299  52629  67493  70731 109235
  99339 112302  50755  97499 117746
  61755 116440 101704  98447  45175
 114924  87879  32986 116726  62437
  64379  47627  68659  64851 101542
  99018  34463 104382  74295 110840
  99613 110943  92403 111482 115251
  33317  37289 109823  52577 108184
 107047 111378  49851 100401  41557
  49157 106993 124937  80171  95011
 103026 121114  58195  85127  94427
 105533 108433  71185  54729  57791
  32320  97938  62833 119743 109299
 114712  88785 101018  32980  74231
 123605 112158 126281  77917 123501
  45837  97990  98803  94657 114024
  40177  89503 116011 116894  32166
 111111 111598  47571 102038 105977
  72205  32332 106476  43607 112265
  87969  92079  83273  66841  79043
  49323  91753  38535 122891 117262
 115484  36853 116228  74379  50079
  32068  97502 121427  87657  45105
  80341  98463  50981  98062 111802
  67435  46985 117572  51105  80295
  63447 116017 116824  48173  40703
  80621  32656  59099  97249  42489
 102731  45553 108775  69531 105633
 101184 102633  70675 118174 123187
  41539  50815 101087 101466  42441
 116107  34335 124765 106875 105815
  38947  45169  68111  83589 115291
  55733  63711  41927 124365  49363
 120643  51255  41773 114380 121520
  45363  33847  72303  79443  48585
  61241 116022 104480  80939 105384
  40985 110196 103296  72017  34689
  32542 116330 120331  99793  76467
  99697  65375  33263  51775  64915
  63489  78601 104264  88923 116321
 125859  79105 117631 106027  53895
  81983  97928  70433  99941  59967
 112345 116532  40461  55139  33459
  39745  91719  81125  36095  32456
  88453 124577  82867 113553  33687
  88283  73529 116372 126023  92207
 122121 111770 115659  40453 117802
  82585 102241  73393  71855 113773
  38513  99102  38879 104690 100811
 101242  64497  49197  45759  93105
  83311 115006  32168  36277  63743
  63667  46121 111552  97085 117470
  34493  39537  74093  53963 103777
  96325  85771 113155 114594  43157
  77105  60295 121885  90029 110743
  54465  80449  51025  74235  47595
  97751 117755  32154  58519 116003
 101073  52033  59081  67579 125001
 107147  80469  83885 117705 124693
 108242  72939  41111 105072  78247
 118208 101128  89515  39085  63339
  62731  41523  61423 115988  54789
  84067  45099  81025  32538  40373
 102880 114596  64069 120719  76995
 111656 109704  67369  62479  32268
  57391 116632  70581  34237  85755
  76299  81661  67715 121793  47843
 104944  39593 123075  47593  35871
  35775  99463 112815  51361  44743
 112027  49527 115765 101880  32276
  33353  34769  99686  97874 114724
 107589  33569 115512  32420  47519
  78443  36771 119302 101876  36947
  79467 126921  32440  75625 112653
  42775  80745  97313  87923  43123
  34593  80703 126467 109851 100218
 114804  91711  78611 103055 105462
  71515 100253  33207  79767  77693
  98067 118828  42811  66143  80125
  42125 101426  85925  73569  87871
  44360  80271  32670  78679 116544
 111844  59095  32970  95355  72585
 112969 116672  48397  52145  83629
  70883 104096  50471  94963  60625
 101430  32126  75815  79561 109826
 111354  67665 121215  37081  78845
  84297 124639 114677  94607 104213
  34783  35941 103195  98355  52671
  94267  56635 118884 105504  99879
  64113  88681 101322  83759  62385
 115028 110021  32036 120741  55697
  56883 117831 119492 101736  32366
  90291 119582 114165 120897  75649
 109877 124381  54313  34881  40963
  97679  97040 116550  71037  99482
 104145 104538  48047  44432  73721
  46925 113609  32602 116512  93945
  86609  42627 105619  80037  51895
 111228 104609  32232  62555 106213
 116960  91247 114019  34315 104954
  82631 110741  95911 101178 110201
  71059 110177  32520  57727 119404
  97194  38131 121574 115794  32702
  53319  38291  98107  98554 117488
  82683  89831 115038  90967 100331
 105410  67531  42791 110540 101366
 115484  41973  69145  65629 115704
  95925  97827 114079 103963 101668
  33363 115216 114613  73245 101291
  89715  32712  97142  83717 110882
 100688  54719  74157  39769 116419
  94681  93413  43119  32458  83473
  86159 103310  79781 112159  52345
  58721  42095 111084 119477 118896
  74917 101422 114438  82399  69041
  44655 124099 105721 110646 101585
  41067  46399 108721  96745  75827
  77949  72899 109892  80539  46703
  72547  98241  85707 106605  62299
 114013  91133 101383  48101 101392
  41353  38857 110874 116712 120667
  36923 115984  32086 124505  99263
 100774 101546 109931  97908 108598
  83367  33393 104581  32960 119068
 119039  70039 105648 116498 111239
  67881  42891 122743 114163  79735
  87105 104394  32862 114335 113375
 107553  95367 111071 124707 115847
  72663  61555 117266  98061  50871
 114513  54209 121455 119905  41385
  39043 111269  84137  47361 115058
 120973  87175  46404  32676  64825
  69399  78815  33381  85936  72891
 110052  42017  78689  38985  70429
  58653 100330 101536  61013 104835
  46391  46141  70865 114286 115414
  41605 103953 116196  51745  97580
 110390  42753  56171  53305 118513
 100700 117607 113425 105256 126633
  89233 110246 103594  46213  32708
 100762 105184  34261  67369 111159
 120105  55403  78353 115141  55057
  60807  46157 102824 104889 103259
 102670 122823  58069  87327  58295
 121209 101462 114114  73137  53221
 101102 110476  86737  76369 116442
  96877  88629  77177  51647  32452
 100184  35307  98283  94423 123531
 105194  53095 101093 103265  71019
  72049  88745  36361  37785 109154
  61475  39935 101642 120067  39845
  49491  90625 110740  82843 115226
 105096  59983 111714 110880  95291
  88341  37623 115450  36027 104325
  32326  69675 111254  56133 102592
  84647  32536  90705 107645 111551
 105211  85563 126003  35169  34041
  74189  88899 111769  56095  61821
  99556 111548 122857  88393 109382
 118879 112860  43675  33253  78263
  51569  47391  45193  60105  33021
 117316  37175 116594  92003 106579
 117787  95515  57987  44285  40893
 105928  44335 110446 103446  73053
  35501 111881  49491 115711 118045
  79275  47287  84051  62435  80679
 112865  38477  32036 119659  91289
 105138  87689  41465  44439  99643
 115890  69527 109785  38921  54285
  63123  32374 106167  67323 122225
  91143 118353  94361 114531  54129
  86321 112642  42731  41951  56313
  97286  70283  81943  80741 114960
  59403  39865  33471  95059 116316
  36303  32938  52045  81279 105947
 111146 119227 102020  32102  46015
  55613  86475 116408 115379 104666
  88679  57721 118995  98747  72909
  41905  92317 101826 106947  77127
 121461  91441  32176  86431  65805
  98589  62917 110430  49447 108195
 101498  46587  99405  41423 112767
  99948 101932  94765 115482  35313
 104083  40007 126953  56109  48959
 108511 115108  77437  87105  39321
  42681  67937  55553 112271  97714
  89419 114450 125301 113501 120317
 114843  37867  45329  88687  80349
 126215 121332  52697 117417  64695
 120613 117955  98037  73629  32048
  60285  36191 109537 115124  40003
  81287 107642  85997  52075  68263
  63513  99585 105678 109411  64725
  75523  69181 108606 108788  76851
  73735  34401  35979 107229  61793
  43081  44873  32096 115476  53251
 101372  38127  69831  91007 120283
  51513  55141 116028  32334  36189
  36125  33135 110911 126377  46759
 102360  35205 111508 118695  82587
  36715 123819  89353 114198  32110
  71753  74209  46163  91965  99083
  97894 110352  39949  67425 116065
  58993  52525  47143 105281  87975
 106831  94763  68659  32624  38009
 101526 101155  57245  87521  97983
  93667  67815 100792 117156  99576
  40843  97650  93663 116380  46335
 106809 101324  38947 124359 100198
  41209  68377  40133  51091  33519
 125875  71265  95907  32822 106387
  85419  97295  68585 112662 118311
  79915 101674 114386 115752  95929
 112847 111890  52611  96379 120157
 110900 123517 105661  42737  71103
 112805  32648  91937 103247 104021
 105392 113425  83963  54793  45429
  70519 109815 103645  79285 110704
 107955  38551 119215  32728 116800
 102593  46661  58567  93215  95981
  93779  92559  48919 102761  39611
  57255  86883 125803  48685  56019
 104648 109781  48905  93125  53831
  96929  92559  33811  94165 117277
 115995 122823  47833  60689  66009
 112315 120977  95537  86229  36139
 101766 118249 105737  45583  34835
  50231  32952 109745  97955  50198
  76411 106649  38661  38987  49758
  83445 115490 102829 116308  74005
  92091  49113  77607 121293  32180
  85537  48839  99908  96193  66297
  52023  99719  43639  80625  54423
 101588  76253  77127 107177  41295
  73605  55215  86545 110650 100547
  39827  82459 106117 107091 121953
 122439  89291 116566 117628  75327
  90589 112825 114538  64427  68117
  39207  89431 116635 121540  76501
 114889  38033  92689  46220  94711
  32120 103819 118463  46571  87592
 107467  71461  68021  80419 113497
  38013 104866  44615  69535 101748
  60579 116206 104768 101958 114604
  54771  32978  98325  62921  36103
 121266 111784 111225  42599  41415
 117726 103987  43729  32164 120781
 108123 125995 119966  97816  61771
 110444 119429  57473 116730  47619
  61451  81161  51317 125867  32384
  53289 101003 116684 118265  64499
 111348  88703 111369 102837  56409
  32908  98438 101388  77813 123883
  32698  97008  84085 106233 117801
  51635  32822  54899  83349  81379
 115910 119499  99140 101953 105572
 126799 101208  34437 110596  87029
 110629  60533 116578  46725  34495
 115967  69891 111273  69205 105486
 115117  81189 115772 107493  46355
 116030 102397  44424  84469  32406
  58133  85641  33579 118411  79449
  56159 105023  74687  89533 100266
 101848 118166  96747 101856  35087
 108506  93959 102745  84003  99647
 101777 123897  82721  65047  56421
  54749 111396 101155 112182  32478
 122811 106103  53803 119145  46799
  44481  50243 116824 114095  78007
 103733  87473  52425 104640  47025
 113627 101410  72475 114473  32924
 108388  96349  94697 103811  68407
  42513 125261  88691  85929  97582
 103681 126891  97547  99325 116860
  61087 108757 102305  88821 101976
 115276  54983 119369 116048  47561
 111747  37703  32580  49849  39589
 102919  75579 107556  42469 105704
 108164 108898 119439 111667  85975
 101488 125567  41329  81551  52589
  39869 114034  53555  32558 112443
  64969  64791  98485  72705  33083
  68469  97138  88081  98473 112272
  41791  77313 112504  40705 108476
  38941 105694 117967  33485  70609
  54973  40893  89285  57241  75879
  99302  68451  44991  34139  78591
 116677  97660 117077 116552  48521
  80661 103937 116817 105770 111304
 110810  92739  93149  44634  32718
  88123 111042 114262 106539  50417
  46157  34251  32624  94997  67899
  59591 103743  37811 106392  40041
 117068  51739  70833  87567  43737
 123723 115284  34619  79911  50119
 116602  80557  32874 107486  70299
  98419 117363  75877  65273 110752
  99763  71529  72013  54883 111590
 119150  89777  56907  65011  50063
  32408 119728  56555  64673  58951
 105929 126631  79859  38669  88165
 104024  97838  89251 109253  94775
  60209  56945 114603  54639  52113
 116760  43099  32784  46403 101723
 115789  41009  91159 112915 112165
  87979 120281 105734  57177  90763
 124197  58683  51015  78291  73819
  71103  93437 125361  41993  67273
 116450  87105  32734 114522  48937
  76077  89867  42183  35545 125595
 124531 101277  66687  55773 101332
  97664 124075 108492  85901  38485
 108800  98617  57225  52423  41229
 121752 109091  89587  59743  32412
 108953  45031  62179 101197 109896
  78547 104823  48759 103397 117729
  55377 111481 101264  97594  39397
 106277  76673  43503 110478  94485
 122027 115968  46675  32664 105155
  45503  78627 119898  69713  97969
  82613  45391 104576 109049 119517
 125669  80219  53347 113997 101770
  82643  83847 110204  82657  42983
  32114 115400  35441 111584  87929
  78615 109760 117513  41029  33881
 101354 104439 120759  35755  48335
 111622  74597 118759 120981  44459
  69055  97267  72471  97917 110364
 101046 122031  36267  65005  53807
 103573  59033  65113  42533  32896
  36979  48399  87837 115808  63693
  97256 121582 115234  32854      4
 112657  60635 116900  74421  74345
 104994 101616  95351  71357  32416
  99424  33179 118769  80605 111354
 109414  36451  40369  71539  90835
 112630  33819  93755  65201 120587
  77021  55109 117302 116226  90969
 122925 107759 116677  38771  35377
  80979  34459 101418  34377 110385
  45277 124171 124903  52685 121145
  50177  39603  44311 114686  34365
  92653 104437  32466  54473 107401
 109592  97538  83457  61445  53807
 100020  91483 101956  36421  67649
  32682  80627 123749  56021  62971
 104515 124819  49025  97498  67211
  89993  58969  94495  76145 118921
  38543  32742 109378  49687  99225
  74557 105596  33841  89793  36091
  68143 103041 115178 116984  37467
  35989  83495  51709  91425  34019
  58489  36225  97948 107966  86069
 101918  87377  74031  33855  33047
      7 114575  44964  64767  32752
 125677 115926  86479  36295 103619
  78415 103587  51569  88621  41427
  43703 116094 117846  90035 118105
 121473 100935  35937  59407  97889
  77131  68141  97221 100770 117975
 108469  45005 119509 126383  76827
  45917 109497 121976 116971 102841
  97845 117637 105086  70515  71907
  68691 101177 110786 109707 103138
 100287  58039 113881  93471 119707
  39277  32236  94141  53573  78931
 116609  71781  75513  99376 109659
  34637 111492  54083 109862 112220
  58217  45633 125749  90035 117626
  80987  93349 109863 116630 110517
  37893 111165  60755 109127 111779
 110021 105524 110790 114435  82651
 103510  32710 119454 105020  83105
 118353  55855  55677  79081 108850
 108310  32988 112500  63547  85523
 114702  95145 111766 118302  38063
  99537 110445  89161  67465 116769
  52637 105106 100456 124229  41607
  33589  97825 104599 101194  71573
  63175 120777 106381  49263  41405
  32420  63613 103129  53753  99579
  72679 121606 126449 111698  60769
 117880 122791  76007 106033 108317
 116139  85915  32856  95373 119008
 110657  61491  66057 125051  72965
  80725  59143  52209  88555 121685
  75221  51887 105918  51719  60711
  97995 116804 104210 117239  32532
  88799 118392  97568  34879  68547
 115555 108456  95763  52273  37675
 117340  97728  98324  66921  97589
 123827  65677  47423 108782  68607
 115799 101922  39689  32876  52305
 122181  86077 102711  77551 125527
 104005  89747  42469  54761  70229
 113525 107198 100263 110094 124219
 111084  85425  37649  76371 106355
  97599 119546  80707  40921 108736
  95121  56821 101812 100278 103252
  92217  80987 123689  43773  67497
 101424 119501  92751  46078 114983
 104219 113315  80349  78145  10394
 112629  98037 111501  86713  92109
  76555 105487  80151 105827  86181
  10786  84038  68113  99807  54567
  52219  87505  77935  66831 104186
  98119  45731  65421  88547  86039
  67269 114901  77541 104555 106925
  51093  93791 120053 115111 101280
 104091 107213  70109 113991 114298
 101860  50539  44409  32858  97098
 114148  73109 101176 113271  32006
 109852  83265  69301  44589  91183
  44207  42581  73917  88573 126033
  65373  48223  68439 111104 110821
  78303 100909  85197  84867 114060
  50125  73607  91253 101318  92719
  38683  56233  32152  60295  34951
 125969 114586 121761 102997 101788
  81673  81693 115131  97434  51177
 111485  91077 110805  48081  71701
  43021  76627  82737 105595  87001
 115400  65687  33643 113145 114983
 122051 111464 110524 115466  46311
  32512  82227 116534  52843 111168
  94729 108985  69007  42235 116525
  40373 121139  39667  70431  32394
 104525  37673 107675  85357 107111
 103455 123325  95895  80385  66997
  96719  87653  98244 101356  86933
  95157  55881  99350  84855  48153
 105161  62333 107793  43055  42035
  35003 123725  97437 111030  91525
  56829 109872  48371  38247  48405
  41015 110405 101813  75035  64705
 113259  36295 101446  35059 116233
 101669  32162  97888 110325  32428
  72291  91923 116103  67852 103539
  90427  85235  68059  86951  44441
  48735  75567 107295 111152  63995
 109858  72521  99821  50643 119739
  69231 123239 107659  39439 112268
  53393  84679  51427 117382  48961
 116402 101408  96181  51785  45173
  71317  57761 114980  32358 115109
 122665  64389  83740  46881 111041
 111109  57507  60743  35755  87803
  92465  44317  62241  99663  99220
 105542 101540 111963 107027 110120
  51185  99672  74215  55347  99967
  86441  59099 121391  62291  51389
  80071  54851 101284 126657  96337
  32268  87277  92631  64861 119337
  77832  97398  34111 106520  58717
 123909 113753  77267 111368  88439
 109183 114326  97529  32056 108405
 118221  97188  63257 120203 105059
  76653 113405 116086  78465  39091
  82139  46977  83029  92523  40611
  74637  46663  32336  95739  47259
  93489 125113 104942  69079  75017
  33027  83679  88327  65067 116972
 116268  60593 112578  58954  43285
  43581  74735  52799  47992  88413
 113747  47321 109667  96203  38483
 115191  79013  47594  78881  99314
  59483 104003  89489 112841 111160
 109164  93223 123941  80675 112038
 117942 119705  65333  60713 101983
 103785  56959  60707  79913  76841
 110175  72809 116882  61073 105458
  54551  91593  69741  51045 118677
  73577  91665  34521  63199  98159
 123565 118385 103289 110766 103796
  33189  99724  97028 100429  49415
  88627 114124  84049 125787 101904
 101508  64521  77217 100121 101489
  36063 114610 115224  46816  97696
 104769  94677  99710  56661 125193
  90351  50563 109974  46494  56263
 124415  46905 111494  84019  44481
  77303  34571 110751  68551 114232
  75157 103808  50291  51825 106341
  47030 123701  63354  79277 112108
  97358  76151  98477 103071  41487
  64797  96503  82435 103620  74979
  45229  83735 102707 101076  43921
  95742  73503 105178 100206  61638
 116289 105651  46471  75815 117107
 126123  83805 108041  90239 120439
 109403  76777  58823 104169  62955
  91191  85551  33385  80623  52958
  83367  82079  79797 107297  73649
  83651 120421  50823  43977  84173
  46480  10926  61841 126104  99139
  10396
