   82706  101772   50823   97032  115440
  104481  111396  110254   32810  100031
   86543   64693   58299   78302   98983
  117686   63057   94955   80331   93093
   36221  109492   95001   98768  101140
  114016  125629  106093   32476   68613
   54584   42393   32008   84507  102768
  114833  111818  114780   32452   77234
   59651   97274   88885  106898  111784
  114058   54963  105322   61577  110076
   66585  103604   32720  105702  122435
   98569  110536   76963   63809   39235
   32364   54429   58055   67604   63175
  111722  109010  112584   96405  117640
   69585   64159  116936   71197  124989
  101278  114610   32136   83928   99278
   37683   34491  105134  101592  110386
  123527   99618  113063  109539  106593
   76795  101842   58128   76527   32738
   61105   69032   92879   40333   33845
  120672  112920  101192  114692  116822
  115941   42623   41881  105020  115328
   67983  101092   32428  105906   94121
  110248   77545   32080  123527   47083
   99540  111026  109658  112526  104889
  117208   90589  116748   42823  105426
  110076  103372   32422  108399  104670
  101058  108470   92207  112650  115070
   56133   87581  111281   32672  121016
  111208  117034   60897   32078  108783
   88427  101052  118504  101266  110288
   32842   66397   40461  105348  102984
   32838  103827  121334   47743  108069
   96351  113363  111730  117732  114768
   32058  112362  114718  123867  105510
  109260   99497   97094  114080   98787
  122185   67857  121338   32332   99656
   73167   97704  114380   83339   63147
   65391  101040   48299   78439   84627
   85375  101112  105273  114022   32558
   84505  107247   80109   99796  104256
  111750  105318   99206  120027   55497
   40301   34877   99073  101954   96537
   94811   32906  105796   85599  115934
   32704  116647  124487  126393  100769
  115310   68711   58277  111268  109184
   71587   59333  101746  116760   51509
  104764  105768  110240  103520   32710
  101706  108194  113867   95301   57359
   53351  111901  115940   33025  122781
  101006  123231   38243   46596   10778
   37069   96843   10568   71641   85767
   72542   97986  118628  121949   58745
   96133  105204  110246   39367  103900
   52881   87227   32444   66219  120631
   82943   84189   59545   97260   32706
   68873   99372  111734   92583   59773
   51727  107623   33103   47575  111153
  113029   82521  109632   42259  112304
  103207  117646  116408  105282  110454
  103972   32304   93499   76545  118505
  109618   97388   86761  106058  111890
  115517   58483  114854   46695   87675
  100843   32612   33277  105663  119486
   77095   83983  105416   60317  102857
  108018   87041  108188   32708   33573
   89669   37601   54419  112358   76029
  114740  111188   75199  100465   45389
   44251  118006   58271  105934  100596
  101266   32116   44513  121102  111494
   38731  117696   32286   64519  119868
   88113  105604  116322  106409   94227
  104768   32098   97620   32238   53637
  102512   93381  105597  111260  117896
  110308   45077  100364  108895   97218
  107439  100303   84661  122737  113925
  116116  122543  114223   51027   71259
  105160  111492   90349  105157  110478
   32608  111740  102326   89221   32854
  107240  109765   81317  110272   45499
   82191  124147   77559  111844  119838
  108604  101290  100408   34895  103032
   72555  101282  111149   80675   44354
   54579  121901   73799   32854  117561
  112894  108437   68717  114276  111972
   95687   34767   64527   98766   86441
  108482   94675  101868  109252   87795
   32660   98467  115290  111330  108458
   73335  118519  118730  105960  124831
   99933  107275  110608  103544   41269
   78641  110913   66379  121657   32466
   97824  110160   91497   84277   80561
  100006   32876  122279  108698   39953
  100851  114603   62211  111324   61897
  103550   76393  105068  101049   99308
   97774  116147  108190   39717   96895
   32466  116844  104662   91143  105376
   53063  107443   66487   73447  108711
   83953  110990  107138  105002  110682
  113183  103808   95695  115409   40211
   32528  116078   60719   91225  104286
   88667   97314  116364   91783   68491
  123849   96125   32732  110569  119462
  105476   41949  108470  108564   46017
   32930  115730  101326   68943   87613
  126699  114250  118964  101966   32250
   97922   93979   35881  115768   32214
   49355   70229   68103   97822   87029
   42609   32924  113501   82619   67691
   99078  121569   95609  111220   93957
   40753  109648  112846   94827   91767
  101120   60315  116252  114639  105586
  116424  101941  105862   35065  118088
  101192   86417   32342   97248   81447
   80961   58029  100300   47061  118006
   97680  110226  116968   48453   33151
  112867   34255   83739   97430  120545
  115473   36545  103504   61287  101434
  115057   32574  116330   99563   44759
  111684  123473   34021   32612  121072
  111326  117874   47077   50421   32288
  105620   79363  110978   33845   32894
   60817  107597   88219  121646  111980
  104655  117978  123663  114108   32690
   99536   41047   97922   88315  114166
  101300  101034   45461   77373   51051
   79379   54401  102939  110565  102807
   41239  117471   67113  114720   44440
   32868  105008   38009  110008   32348
  119524   59561  104866   97792   47153
  116002   99585  101752  118844  101394
  114670   32790   80051  102686   58195
   52715   89211  105146   75631   39723
  109637   39705   79975  101302  108610
   76269  100354  116509   72323   32932
   92801  115619  116359  121300  111970
   56847   42061   37535   81037  117520
  119153   65687   32076   99006  120645
   70633  104412   33711  111326  111286
  115602  101200   90963   46356   69709
  100741   90167  100027   10944   54367
   10334   84090  104034  101702   58721
  114482   99125  101057   40151  101656
   56651   32044   97358   74865  114456
   70453   36393   81249   61015  101704
   32556  109758  111600  114700  101768
   32914  116701  114496  101898   59663
   97664   36103  109113   36963   81601
  115496  111586  110498   68215   74085
   78451   99521   81125  107697  115278
   32134  116618  101753  111032   32180
   86023   98264  101662   99554   78945
  111184   45477  109066   73225   83859
  108709  101300   32142   97124   32290
   83311  126339   67798  111550   73183
  109386   85895  108881   92667  119063
   55555  112412   41285  117558  116412
  101826   65189  114078   32944   83004
  114213   99478  105528   96219  111159
  101032   35869  101405  110158   99270
  101782   39793   81683   32008   49759
   77384   97140  106706  111416   68575
   34575  114074   32672   97136   83167
  116276  112129  108157   35615   32716
  104452  116134  116516  112098   58372
  125791   47266   47298   99410  105413
  111138  109350   70799  112220  117584
  104919  107787   66945  116762  124273
  119885   40459  105850   99323  110340
   63211  103436   99820   97696  114388
   61423  108571   58317  101062   67715
  101566   55817  114498   81161  115934
   46086  100971   97556   99344  109854
   46510  100843  102007  111492   95901
  114196  103686   47614   66995   63228
   60627  118115  112270   97312   76799
   78639   92047   50285   63011  103406
  101098   39029   95752  105600  100930
   59555   61552   52456   46046   42267
   10288
