0: compute-2-22.local
1: compute-2-22.local
2: compute-2-22.local
3: compute-41-14.local
4: compute-41-14.local
5: compute-41-14.local
6: compute-41-14.local
7: compute-1-34.local
8: compute-1-34.local
9: compute-1-34.local
10: compute-1-34.local
11: compute-41-7.local
12: compute-41-7.local
13: compute-41-7.local
14: compute-41-7.local
15: compute-1-36.local
16: compute-1-36.local
17: compute-1-36.local
18: compute-1-36.local
19: compute-1-33.local
Image runs:
10000,1,42.967279
10000,20,7.969077
10000,20, 18.517507
Sequential runs:
500,1,0.111731
500,1,0.106778
500,1,0.106880
500,1,0.108130
500,1,0.109582
500,1,0.115100
500,1,0.112260
500,1,0.106897
500,1,0.108576
500,1,0.108074
1000,1,0.426962
1000,1,0.444889
1000,1,0.425042
1000,1,0.431996
1000,1,0.426625
1000,1,0.425278
1000,1,0.425738
1000,1,0.429684
1000,1,0.424309
1000,1,0.428153
1500,1,0.958856
1500,1,0.956662
1500,1,0.957594
1500,1,0.960786
1500,1,0.961536
1500,1,0.955555
1500,1,0.967752
1500,1,0.954227
1500,1,0.953312
1500,1,0.953289
2000,1,1.695249
2000,1,1.699869
2000,1,1.703440
2000,1,1.719055
2000,1,1.696644
2000,1,1.702893
2000,1,1.697973
2000,1,1.698941
2000,1,1.736876
2000,1,1.707925
2500,1,2.666606
2500,1,2.668116
2500,1,2.665708
2500,1,2.652924
2500,1,2.657925
2500,1,2.651044
2500,1,2.650102
2500,1,2.653849
2500,1,2.661680
2500,1,2.662555
3000,1,3.824132
3000,1,3.813196
3000,1,3.822754
3000,1,3.828891
3000,1,3.819950
3000,1,3.832411
3000,1,3.830775
3000,1,3.831466
3000,1,3.829786
3000,1,3.829427
3500,1,5.190410
3500,1,5.202952
3500,1,5.203901
3500,1,5.210887
3500,1,5.202631
3500,1,5.262145
3500,1,5.199168
3500,1,5.207401
3500,1,5.218699
3500,1,5.223496
4000,1,6.811932
4000,1,6.821345
4000,1,6.782580
4000,1,6.798697
4000,1,6.792082
4000,1,6.809618
4000,1,6.807927
4000,1,6.809350
4000,1,6.872604
4000,1,6.792238
4500,1,8.593200
4500,1,8.615785
4500,1,8.600543
4500,1,8.600628
4500,1,8.616552
4500,1,8.617680
4500,1,8.599332
4500,1,8.587223
4500,1,8.617000
4500,1,8.595173
5000,1,10.615537
5000,1,10.748225
5000,1,10.592528
5000,1,10.617539
5000,1,10.618259
5000,1,10.599195
5000,1,10.636775
5000,1,10.621324
5000,1,10.636271
5000,1,10.745078
5500,1,12.824705
5500,1,12.837743
5500,1,12.825136
5500,1,12.843389
5500,1,12.839667
5500,1,12.840133
5500,1,12.842710
5500,1,12.843921
5500,1,12.866792
5500,1,12.835406
6000,1,15.305591
6000,1,15.290822
6000,1,15.311746
6000,1,15.326628
6000,1,15.476329
6000,1,15.268138
6000,1,15.259888
6000,1,15.283471
6000,1,15.322419
6000,1,15.324792
6500,1,17.942023
6500,1,18.158149
6500,1,17.941020
6500,1,17.949242
6500,1,17.919741
6500,1,17.970568
6500,1,17.966292
6500,1,17.927073
6500,1,17.914085
6500,1,17.974891
7000,1,20.813164
7000,1,20.857315
7000,1,20.856242
7000,1,20.769495
7000,1,20.799954
7000,1,20.814038
7000,1,21.059928
7000,1,20.845064
7000,1,20.806266
7000,1,20.804123
7500,1,24.177105
7500,1,23.886004
7500,1,23.923143
7500,1,23.889790
7500,1,23.883011
7500,1,23.882745
7500,1,23.898555
7500,1,23.938618
7500,1,24.157831
7500,1,23.885854
8000,1,27.174884
8000,1,27.180862
8000,1,27.182005
8000,1,27.244842
8000,1,27.173169
8000,1,27.240249
8000,1,27.502559
8000,1,27.169702
8000,1,27.194306
8000,1,27.205743
8500,1,30.717893
8500,1,30.734302
8500,1,30.697592
8500,1,30.647321
8500,1,30.716501
8500,1,30.770833
8500,1,30.701440
8500,1,30.699934
8500,1,30.769438
8500,1,31.047108
9000,1,34.483672
9000,1,34.335490
9000,1,34.395472
9000,1,34.405748
9000,1,34.398524
9000,1,34.445578
9000,1,34.443866
9000,1,34.822472
9000,1,34.467582
9000,1,34.394379
9500,1,38.432267
9500,1,38.273629
9500,1,38.323761
9500,1,38.261466
9500,1,38.328180
9500,1,38.326442
9500,1,38.322149
9500,1,38.785330
9500,1,38.328617
9500,1,38.798926
10000,1,42.513450
10000,1,43.026290
10000,1,42.495531
10000,1,42.498680
10000,1,42.498244
10000,1,42.484494
10000,1,42.505580
10000,1,42.460840
10000,1,42.602547
10000,1,42.442762
Static runs:
500,2,0.114667
500,2,0.124335
500,2,0.107441
500,2,0.119323
500,2,0.114968
500,2,0.118616
500,2,0.122378
500,2,0.124350
500,2,0.111034
500,2,0.120936
1000,2,0.454407
1000,2,0.456835
1000,2,0.450095
1000,2,0.418093
1000,2,0.416548
1000,2,0.416024
1000,2,0.445696
1000,2,0.446226
1000,2,0.452291
1000,2,0.446378
1500,2,0.996996
1500,2,0.930224
1500,2,1.000207
1500,2,0.998479
1500,2,0.934014
1500,2,0.995663
1500,2,0.994179
1500,2,0.995152
1500,2,1.000915
1500,2,0.994952
2000,2,1.768948
2000,2,1.645179
2000,2,1.652206
2000,2,1.756835
2000,2,1.762194
2000,2,1.765886
2000,2,1.764519
2000,2,1.649460
2000,2,1.764667
2000,2,1.759371
2500,2,2.747065
2500,2,2.743198
2500,2,2.744012
2500,2,2.742372
2500,2,2.740715
2500,2,2.743573
2500,2,2.566162
2500,2,2.750622
2500,2,2.745338
2500,2,2.746161
3000,2,3.937198
3000,2,3.969632
3000,2,3.948829
3000,2,3.943609
3000,2,3.692836
3000,2,3.954917
3000,2,3.950186
3000,2,3.944179
3000,2,3.944153
3000,2,3.688208
3500,2,5.359631
3500,2,5.352583
3500,2,5.363873
3500,2,5.382951
3500,2,5.003816
3500,2,5.361174
3500,2,4.999772
3500,2,5.369921
3500,2,5.363217
3500,2,5.355675
4000,2,6.561545
4000,2,6.989263
4000,2,6.989608
4000,2,6.525832
4000,2,6.536559
4000,2,6.990282
4000,2,7.014159
4000,2,7.000372
4000,2,7.005108
4000,2,7.004475
4500,2,8.860210
4500,2,8.291376
4500,2,8.850247
4500,2,8.265971
4500,2,8.836713
4500,2,8.261631
4500,2,8.841045
4500,2,8.845026
4500,2,8.275729
4500,2,8.834585
5000,2,10.939578
5000,2,10.927089
5000,2,10.923390
5000,2,10.915161
5000,2,10.934669
5000,2,10.934773
5000,2,10.223768
5000,2,10.914694
5000,2,10.930286
5000,2,10.905915
5500,2,12.375714
5500,2,13.192454
5500,2,13.203960
5500,2,13.186137
5500,2,13.192144
5500,2,12.323495
5500,2,13.186874
5500,2,13.214284
5500,2,12.342055
5500,2,12.322700
6000,2,15.711730
6000,2,14.650815
6000,2,15.718597
6000,2,15.709265
6000,2,14.711515
6000,2,14.674634
6000,2,15.723636
6000,2,15.697943
6000,2,14.653152
6000,2,15.693711
6500,2,18.430005
6500,2,18.407218
6500,2,18.432294
6500,2,17.216237
6500,2,18.442614
6500,2,17.224894
6500,2,18.425923
6500,2,17.182243
6500,2,18.452739
6500,2,17.235522
7000,2,21.410650
7000,2,21.351184
7000,2,21.348456
7000,2,21.360022
7000,2,21.354792
7000,2,19.920930
7000,2,21.331586
7000,2,21.388520
7000,2,21.336774
7000,2,20.004591
7500,2,22.857856
7500,2,24.484500
7500,2,24.543227
7500,2,22.866058
7500,2,24.511473
7500,2,24.530317
7500,2,22.866046
7500,2,24.522874
7500,2,24.551435
7500,2,24.548410
8000,2,27.923120
8000,2,27.955746
8000,2,27.862475
8000,2,27.928647
8000,2,27.890075
8000,2,27.939961
8000,2,27.879388
8000,2,27.913078
8000,2,27.866428
8000,2,27.924938
8500,2,29.377072
8500,2,31.503941
8500,2,31.488563
8500,2,31.488334
8500,2,31.473910
8500,2,29.458754
8500,2,31.482304
8500,2,31.509700
8500,2,31.498584
8500,2,31.529086
9000,2,35.309791
9000,2,32.898863
9000,2,33.044538
9000,2,35.319527
9000,2,35.321214
9000,2,35.240704
9000,2,35.369236
9000,2,35.303418
9000,2,35.313127
9000,2,32.950676
9500,2,36.714738
9500,2,39.346541
9500,2,39.295717
9500,2,39.297741
9500,2,39.324743
9500,2,39.269020
9500,2,39.376244
9500,2,39.383917
9500,2,39.345370
9500,2,39.278348
10000,2,40.685496
10000,2,43.554705
10000,2,43.586197
10000,2,43.490289
10000,2,40.695642
10000,2,40.691620
10000,2,43.589983
10000,2,43.494110
10000,2,43.575126
10000,2,43.591313
500,4,0.049327
500,4,0.049292
500,4,0.049260
500,4,0.048486
500,4,0.048933
500,4,0.048385
500,4,0.049538
500,4,0.049441
500,4,0.049356
500,4,0.047926
1000,4,0.188255
1000,4,0.188753
1000,4,0.189343
1000,4,0.188677
1000,4,0.182292
1000,4,0.197246
1000,4,0.188359
1000,4,0.184772
1000,4,0.188374
1000,4,0.181827
1500,4,0.432393
1500,4,0.420970
1500,4,0.411488
1500,4,0.420466
1500,4,0.420735
1500,4,0.422173
1500,4,0.422436
1500,4,0.407020
1500,4,0.422116
1500,4,0.421247
2000,4,0.726682
2000,4,0.714767
2000,4,0.715554
2000,4,0.741969
2000,4,0.710896
2000,4,0.726368
2000,4,0.741372
2000,4,0.740973
2000,4,0.717647
2000,4,0.715798
2500,4,1.153725
2500,4,1.152942
2500,4,1.128253
2500,4,1.131582
2500,4,1.128761
2500,4,1.130092
2500,4,1.117064
2500,4,1.115005
2500,4,1.134741
2500,4,1.134917
3000,4,1.632250
3000,4,1.680695
3000,4,1.600451
3000,4,1.666403
3000,4,1.620595
3000,4,1.661966
3000,4,1.658173
3000,4,1.657465
3000,4,1.624838
3000,4,1.663984
3500,4,2.252890
3500,4,2.251254
3500,4,2.255573
3500,4,2.255703
3500,4,2.206681
3500,4,2.251705
3500,4,2.259594
3500,4,2.253345
3500,4,2.174751
3500,4,2.249431
4000,4,2.936509
4000,4,3.180990
4000,4,2.872665
4000,4,2.927323
4000,4,2.932765
4000,4,2.870156
4000,4,2.828815
4000,4,2.828224
4000,4,2.931243
4000,4,2.872469
4500,4,3.634277
4500,4,3.636268
4500,4,3.712309
4500,4,3.713996
4500,4,3.640753
4500,4,3.655525
4500,4,3.591330
4500,4,3.635720
4500,4,3.633702
4500,4,3.707293
5000,4,4.479938
5000,4,4.570074
5000,4,4.576742
5000,4,4.416890
5000,4,4.568244
5000,4,4.474954
5000,4,4.567642
5000,4,4.568376
5000,4,4.431098
5000,4,4.511946
5500,4,5.413434
5500,4,5.519149
5500,4,5.415610
5500,4,5.531984
5500,4,5.542156
5500,4,5.409276
5500,4,5.530641
5500,4,5.531383
5500,4,5.418314
5500,4,5.428945
6000,4,6.591359
6000,4,6.580459
6000,4,6.358212
6000,4,6.360665
6000,4,6.364097
6000,4,6.573524
6000,4,6.571959
6000,4,6.358441
6000,4,6.369338
6000,4,6.367076
6500,4,7.554542
6500,4,7.727070
6500,4,7.550873
6500,4,7.727380
6500,4,7.725373
6500,4,7.718971
6500,4,7.562489
6500,4,7.565121
6500,4,7.552237
6500,4,7.718791
7000,4,8.751113
7000,4,8.939816
7000,4,8.940333
7000,4,8.945058
7000,4,8.770324
7000,4,8.758806
7000,4,8.951834
7000,4,8.753906
7000,4,8.648269
7000,4,8.986204
7500,4,10.291032
7500,4,10.268236
7500,4,10.051549
7500,4,9.918164
7500,4,10.267257
7500,4,10.266608
7500,4,10.281029
7500,4,10.269051
7500,4,10.261716
7500,4,9.919814
8000,4,11.276113
8000,4,11.442186
8000,4,11.447400
8000,4,11.680597
8000,4,11.663578
8000,4,11.283310
8000,4,11.449830
8000,4,11.684433
8000,4,11.444361
8000,4,11.274041
8500,4,12.727420
8500,4,12.912310
8500,4,13.161210
8500,4,13.185953
8500,4,13.174579
8500,4,13.188969
8500,4,13.177283
8500,4,13.190753
8500,4,12.725139
8500,4,13.173585
9000,4,14.290354
9000,4,14.475251
9000,4,14.284019
9000,4,14.769382
9000,4,14.802800
9000,4,14.261793
9000,4,14.486339
9000,4,14.773599
9000,4,14.795306
9000,4,14.263951
9500,4,15.910050
9500,4,16.463254
9500,4,16.473504
9500,4,16.458446
9500,4,16.466542
9500,4,16.457973
9500,4,15.907518
9500,4,16.464752
9500,4,16.449541
9500,4,16.467690
10000,4,17.621536
10000,4,18.219618
10000,4,18.209178
10000,4,17.628961
10000,4,18.231341
10000,4,17.609582
10000,4,18.236912
10000,4,17.857997
10000,4,17.846510
10000,4,17.861469
500,6,0.059854
500,6,0.057419
500,6,0.056983
500,6,0.058737
500,6,0.057418
500,6,0.056572
500,6,0.056852
500,6,0.056287
500,6,0.056742
500,6,0.059434
1000,6,0.221288
1000,6,0.228883
1000,6,0.172548
1000,6,0.228315
1000,6,0.228879
1000,6,0.227599
1000,6,0.223845
1000,6,0.219419
1000,6,0.220860
1000,6,0.225461
1500,6,0.510282
1500,6,0.490494
1500,6,0.503691
1500,6,0.498589
1500,6,0.493074
1500,6,0.504698
1500,6,0.396322
1500,6,0.490508
1500,6,0.490494
1500,6,0.501887
2000,6,0.872097
2000,6,0.725900
2000,6,0.878508
2000,6,0.747931
2000,6,0.872390
2000,6,0.885602
2000,6,0.864844
2000,6,0.758719
2000,6,0.861514
2000,6,0.898751
2500,6,1.370800
2500,6,1.281745
2500,6,1.083610
2500,6,1.360514
2500,6,1.178860
2500,6,1.187471
2500,6,1.349695
2500,6,1.172056
2500,6,1.357456
2500,6,1.175818
3000,6,1.979298
3000,6,1.954413
3000,6,2.016084
3000,6,1.601953
3000,6,1.907936
3000,6,1.960085
3000,6,2.015775
3000,6,1.508234
3000,6,1.993554
3000,6,1.931983
3500,6,2.721094
3500,6,2.683664
3500,6,2.737460
3500,6,2.691344
3500,6,2.657735
3500,6,2.654496
3500,6,2.609389
3500,6,2.683822
3500,6,2.515812
3500,6,2.691705
4000,6,3.465359
4000,6,3.567310
4000,6,3.533532
4000,6,3.501610
4000,6,3.522230
4000,6,3.501190
4000,6,3.527147
4000,6,2.806602
4000,6,2.811299
4000,6,3.498980
4500,6,4.064193
4500,6,4.425564
4500,6,3.722461
4500,6,4.349061
4500,6,3.824089
4500,6,4.283629
4500,6,3.635453
4500,6,4.248487
4500,6,4.355807
4500,6,3.750667
5000,6,4.285237
5000,6,4.505678
5000,6,4.726262
5000,6,4.767105
5000,6,4.330593
5000,6,4.490146
5000,6,5.482156
5000,6,4.409213
5000,6,5.108238
5000,6,5.213435
5500,6,6.554203
5500,6,6.552975
5500,6,5.515637
5500,6,5.760924
5500,6,6.479970
5500,6,5.479391
5500,6,5.372335
5500,6,6.616282
5500,6,5.502959
5500,6,5.570023
6000,6,6.417564
6000,6,6.512777
6000,6,6.267012
6000,6,6.326538
6000,6,6.801318
6000,6,6.321420
6000,6,7.777061
6000,6,8.164442
6000,6,6.665736
6000,6,7.948363
6500,6,9.282155
6500,6,7.303484
6500,6,9.367777
6500,6,9.222792
6500,6,7.638288
6500,6,7.623442
6500,6,9.068826
6500,6,7.607699
6500,6,7.898561
6500,6,8.212758
7000,6,8.468018
7000,6,10.630869
7000,6,10.433206
7000,6,9.206996
7000,6,10.979740
7000,6,9.080004
7000,6,9.052451
7000,6,9.964601
7000,6,8.899434
7000,6,9.176016
7500,6,10.156417
7500,6,10.463197
7500,6,12.591413
7500,6,9.875451
7500,6,10.056493
7500,6,11.669631
7500,6,10.287693
7500,6,10.563134
7500,6,11.241980
7500,6,9.918333
8000,6,11.730880
8000,6,12.216990
8000,6,11.067365
8000,6,11.572383
8000,6,14.197249
8000,6,11.240521
8000,6,11.390650
8000,6,12.516687
8000,6,14.120038
8000,6,11.293886
8500,6,14.968004
8500,6,12.798960
8500,6,13.412184
8500,6,12.661093
8500,6,12.714342
8500,6,12.352001
8500,6,13.117678
8500,6,16.093500
8500,6,12.746998
8500,6,12.990116
9000,6,14.130766
9000,6,14.012244
9000,6,14.467098
9000,6,14.297060
9000,6,14.108629
9000,6,14.405658
9000,6,17.610808
9000,6,15.089619
9000,6,17.932638
9000,6,13.832359
9500,6,15.962692
9500,6,16.392040
9500,6,16.269466
9500,6,19.303804
9500,6,19.471978
9500,6,16.116592
9500,6,15.653069
9500,6,16.510609
9500,6,17.859319
9500,6,17.943858
10000,6,18.355446
10000,6,17.819004
10000,6,21.973778
10000,6,22.194135
10000,6,17.281875
10000,6,18.359804
10000,6,17.202458
10000,6,18.970457
10000,6,17.668090
10000,6,18.429336
500,8,0.043680
500,8,0.044278
500,8,0.044000
500,8,0.043850
500,8,0.043399
500,8,0.043858
500,8,0.043863
500,8,0.045154
500,8,0.045158
500,8,0.044147
1000,8,0.411026
1000,8,0.408273
1000,8,0.168304
1000,8,0.166579
1000,8,0.189081
1000,8,0.169499
1000,8,0.168146
1000,8,0.169874
1000,8,0.170593
1000,8,0.168264
1500,8,0.374456
1500,8,0.563250
1500,8,0.380030
1500,8,0.373412
1500,8,0.592933
1500,8,0.610344
1500,8,0.594104
1500,8,0.376602
1500,8,0.369143
1500,8,0.613417
2000,8,0.739012
2000,8,0.693571
2000,8,0.666110
2000,8,0.743905
2000,8,0.657585
2000,8,0.655897
2000,8,0.661305
2000,8,0.750773
2000,8,0.676941
2000,8,0.746452
2500,8,1.084670
2500,8,1.079566
2500,8,1.044680
2500,8,1.039241
2500,8,1.023634
2500,8,1.045486
2500,8,1.051590
2500,8,1.027296
2500,8,1.073055
2500,8,1.043101
3000,8,1.508642
3000,8,1.940188
3000,8,1.529933
3000,8,1.498380
3000,8,1.912025
3000,8,1.661964
3000,8,1.525311
3000,8,1.504839
3000,8,1.886249
3000,8,1.606546
3500,8,2.010475
3500,8,2.097323
3500,8,2.059177
3500,8,2.044194
3500,8,2.075516
3500,8,2.417866
3500,8,2.067754
3500,8,2.052725
3500,8,2.171291
3500,8,2.004456
4000,8,2.667721
4000,8,2.784784
4000,8,2.696348
4000,8,2.631358
4000,8,2.734484
4000,8,2.672725
4000,8,2.646386
4000,8,2.627294
4000,8,2.780153
4000,8,3.008724
4500,8,3.364453
4500,8,3.344109
4500,8,3.385219
4500,8,3.690505
4500,8,3.356320
4500,8,3.346437
4500,8,3.523218
4500,8,3.491464
4500,8,3.338679
4500,8,3.378823
5000,8,4.164025
5000,8,4.365853
5000,8,4.243900
5000,8,4.168890
5000,8,4.239624
5000,8,4.129848
5000,8,4.292542
5000,8,4.180329
5000,8,4.215107
5000,8,4.087499
5500,8,5.060372
5500,8,4.977079
5500,8,4.987399
5500,8,4.994845
5500,8,5.052383
5500,8,5.075409
5500,8,5.110679
5500,8,4.942210
5500,8,5.007186
5500,8,4.952501
6000,8,5.927702
6000,8,6.049442
6000,8,5.977670
6000,8,5.928636
6000,8,6.005116
6000,8,5.986317
6000,8,5.997052
6000,8,6.432222
6000,8,5.965628
6000,8,5.907289
6500,8,7.022591
6500,8,6.955624
6500,8,7.068855
6500,8,7.066460
6500,8,7.108201
6500,8,7.118121
6500,8,7.047858
6500,8,7.142004
6500,8,7.004764
6500,8,7.318577
7000,8,8.152073
7000,8,8.149548
7000,8,8.324027
7000,8,8.070562
7000,8,8.130268
7000,8,8.168419
7000,8,8.272446
7000,8,8.125176
7000,8,8.125571
7000,8,8.163081
7500,8,9.360496
7500,8,9.420278
7500,8,9.463771
7500,8,9.301095
7500,8,9.244102
7500,8,9.519233
7500,8,9.334912
7500,8,9.419991
7500,8,9.286339
7500,8,9.487753
8000,8,10.825629
8000,8,10.558568
8000,8,10.708728
8000,8,10.835482
8000,8,10.484432
8000,8,10.717235
8000,8,10.618613
8000,8,10.515866
8000,8,10.597295
8000,8,10.715293
8500,8,12.097806
8500,8,11.961483
8500,8,12.064270
8500,8,12.079531
8500,8,12.087141
8500,8,12.107580
8500,8,11.884578
8500,8,11.999187
8500,8,12.109221
8500,8,11.959135
9000,8,13.623080
9000,8,13.844456
9000,8,13.485509
9000,8,13.241590
9000,8,13.596841
9000,8,13.524419
9000,8,13.320283
9000,8,13.715971
9000,8,13.285016
9000,8,13.560051
9500,8,15.284224
9500,8,14.706759
9500,8,15.314083
9500,8,14.781760
9500,8,15.096986
9500,8,14.939133
9500,8,14.932131
9500,8,15.249413
9500,8,14.847970
9500,8,14.789344
10000,8,16.555459
10000,8,16.869941
10000,8,16.708986
10000,8,16.793680
10000,8,16.876070
10000,8,16.607679
10000,8,16.729445
10000,8,16.690786
10000,8,16.881606
10000,8,16.398011
500,10,0.034800
500,10,0.035791
500,10,0.034933
500,10,0.035055
500,10,0.034542
500,10,0.033878
500,10,0.034067
500,10,0.033954
500,10,0.033791
500,10,0.034313
1000,10,0.133704
1000,10,0.132564
1000,10,0.305041
1000,10,0.133319
1000,10,0.129999
1000,10,0.133307
1000,10,0.129476
1000,10,0.269262
1000,10,0.311041
1000,10,0.310614
1500,10,0.315054
1500,10,0.295281
1500,10,0.300574
1500,10,1.158453
1500,10,0.300188
1500,10,0.516765
1500,10,0.382435
1500,10,0.388301
1500,10,0.328961
1500,10,1.154569
2000,10,0.511674
2000,10,1.263066
2000,10,1.266970
2000,10,1.271525
2000,10,0.607794
2000,10,0.520816
2000,10,0.744127
2000,10,1.263246
2000,10,0.528074
2000,10,0.510785
2500,10,1.405797
2500,10,1.396565
2500,10,0.867894
2500,10,1.387113
2500,10,1.388527
2500,10,0.845750
2500,10,1.405901
2500,10,0.953301
2500,10,0.928888
2500,10,0.818555
3000,10,1.632861
3000,10,1.188724
3000,10,1.722672
3000,10,1.618276
3000,10,1.662219
3000,10,1.204054
3000,10,1.437713
3000,10,1.206142
3000,10,2.099230
3000,10,1.601643
3500,10,1.641179
3500,10,1.623809
3500,10,2.001248
3500,10,1.754321
3500,10,1.681226
3500,10,1.659151
3500,10,1.878257
3500,10,1.629784
3500,10,1.631990
3500,10,2.039414
4000,10,2.614042
4000,10,2.082133
4000,10,2.163741
4000,10,2.167384
4000,10,2.183907
4000,10,2.473714
4000,10,2.167159
4000,10,2.183260
4000,10,2.138816
4000,10,2.526338
4500,10,2.727967
4500,10,3.006274
4500,10,2.990477
4500,10,2.772462
4500,10,2.631745
4500,10,2.657177
4500,10,3.520056
4500,10,2.628356
4500,10,2.857088
4500,10,2.593366
5000,10,3.210276
5000,10,3.319214
5000,10,3.269589
5000,10,3.269569
5000,10,3.231681
5000,10,3.578209
5000,10,3.834033
5000,10,3.351544
5000,10,3.234861
5000,10,3.334225
5500,10,4.075067
5500,10,4.402193
5500,10,3.959928
5500,10,3.912468
5500,10,4.324823
5500,10,4.084557
5500,10,3.970385
5500,10,4.637131
5500,10,4.495060
5500,10,3.990200
6000,10,4.872960
6000,10,4.553106
6000,10,4.677068
6000,10,4.922120
6000,10,5.074747
6000,10,5.067064
6000,10,5.500963
6000,10,4.821191
6000,10,4.715727
6000,10,4.621001
6500,10,5.499410
6500,10,5.735600
6500,10,5.655247
6500,10,5.493515
6500,10,5.429801
6500,10,5.474602
6500,10,5.660544
6500,10,5.498443
6500,10,5.370374
6500,10,5.403131
7000,10,6.540410
7000,10,6.386865
7000,10,6.801086
7000,10,6.406596
7000,10,6.867986
7000,10,6.494111
7000,10,6.671470
7000,10,7.932950
7000,10,6.325428
7000,10,6.579373
7500,10,7.280316
7500,10,8.516418
7500,10,7.281917
7500,10,8.257915
7500,10,7.557919
7500,10,7.309920
7500,10,7.503570
7500,10,7.663186
7500,10,7.246009
7500,10,7.336370
8000,10,8.436453
8000,10,8.375601
8000,10,8.493936
8000,10,8.515930
8000,10,8.450762
8000,10,8.264312
8000,10,8.186958
8000,10,8.662104
8000,10,8.758106
8000,10,8.271115
8500,10,9.542248
8500,10,9.476941
8500,10,9.556911
8500,10,9.691036
8500,10,9.513262
8500,10,9.799090
8500,10,9.654910
8500,10,9.458613
8500,10,9.327217
8500,10,9.612953
9000,10,10.741467
9000,10,10.524493
9000,10,10.677336
9000,10,10.801409
9000,10,10.454188
9000,10,10.745064
9000,10,10.458796
9000,10,10.937408
9000,10,11.189362
9000,10,10.600519
9500,10,11.950190
9500,10,12.240172
9500,10,11.754462
9500,10,11.948096
9500,10,11.732626
9500,10,11.644426
9500,10,11.875131
9500,10,11.927512
9500,10,12.054613
9500,10,11.946428
10000,10,12.916982
10000,10,12.913986
10000,10,13.160277
10000,10,13.196116
10000,10,13.277959
10000,10,13.086593
10000,10,13.064483
10000,10,13.232533
10000,10,13.451761
10000,10,13.580361
500,12,0.030802
500,12,0.028622
500,12,0.029049
500,12,0.029682
500,12,0.029813
500,12,0.028527
500,12,0.030356
500,12,0.029841
500,12,0.031063
500,12,0.029051
1000,12,0.268777
1000,12,0.270660
1000,12,0.265245
1000,12,0.266234
1000,12,0.306362
1000,12,0.263903
1000,12,1.053458
1000,12,0.110651
1000,12,0.266660
1000,12,0.272510
1500,12,0.289557
1500,12,1.119319
1500,12,1.115934
1500,12,0.446803
1500,12,0.327266
1500,12,0.452604
1500,12,0.291137
1500,12,0.485288
1500,12,0.452901
1500,12,0.331718
2000,12,0.519654
2000,12,1.408169
2000,12,1.206680
2000,12,0.495860
2000,12,1.207422
2000,12,1.198969
2000,12,0.514214
2000,12,1.206446
2000,12,1.200913
2000,12,0.466058
2500,12,0.842796
2500,12,1.306544
2500,12,1.317612
2500,12,0.748186
2500,12,1.315424
2500,12,0.750737
2500,12,1.307990
2500,12,0.788762
2500,12,1.343414
2500,12,0.822299
3000,12,1.453663
3000,12,1.455653
3000,12,1.453950
3000,12,1.445478
3000,12,1.188016
3000,12,1.095695
3000,12,1.064438
3000,12,0.963507
3000,12,1.006356
3000,12,1.086369
3500,12,1.525950
3500,12,1.762360
3500,12,1.506194
3500,12,1.700524
3500,12,1.719954
3500,12,1.710844
3500,12,1.783064
3500,12,1.798731
3500,12,1.422606
3500,12,1.404903
4000,12,2.119489
4000,12,1.714423
4000,12,2.097275
4000,12,1.870758
4000,12,2.177636
4000,12,1.951481
4000,12,1.956914
4000,12,1.806616
4000,12,1.721074
4000,12,1.778487
4500,12,2.482097
4500,12,2.552976
4500,12,2.563207
4500,12,2.490126
4500,12,2.566527
4500,12,2.355089
4500,12,2.127266
4500,12,2.493701
4500,12,2.474558
4500,12,2.175141
5000,12,2.937722
5000,12,2.760076
5000,12,2.835428
5000,12,2.652524
5000,12,2.988391
5000,12,2.984075
5000,12,2.889190
5000,12,2.693656
5000,12,3.244151
5000,12,2.887007
5500,12,3.719807
5500,12,3.377575
5500,12,3.659371
5500,12,3.978080
5500,12,3.368385
5500,12,3.455377
5500,12,3.391990
5500,12,3.558485
5500,12,3.502521
5500,12,3.660060
6000,12,4.088701
6000,12,4.131947
6000,12,3.977901
6000,12,4.021244
6000,12,4.204385
6000,12,4.078932
6000,12,4.064876
6000,12,4.113508
6000,12,4.113020
6000,12,4.043843
6500,12,4.770725
6500,12,4.815775
6500,12,4.729348
6500,12,4.621055
6500,12,4.796440
6500,12,4.664363
6500,12,4.666827
6500,12,4.637251
6500,12,5.288262
6500,12,4.620766
7000,12,5.476037
7000,12,5.343771
7000,12,5.309146
7000,12,5.713026
7000,12,5.591889
7000,12,5.265010
7000,12,5.380846
7000,12,5.459084
7000,12,5.307817
7000,12,5.700638
7500,12,6.253369
7500,12,6.241294
7500,12,6.390775
7500,12,6.302077
7500,12,6.163982
7500,12,6.297686
7500,12,6.190529
7500,12,5.945079
7500,12,6.034414
7500,12,6.183672
8000,12,6.932124
8000,12,6.936698
8000,12,7.167163
8000,12,7.611261
8000,12,7.137790
8000,12,6.740850
8000,12,7.371612
8000,12,7.308547
8000,12,6.925724
8000,12,7.241052
8500,12,7.615154
8500,12,8.699626
8500,12,7.828542
8500,12,7.820115
8500,12,7.884680
8500,12,7.774249
8500,12,8.118259
8500,12,8.043878
8500,12,8.115925
8500,12,8.200707
9000,12,9.154620
9000,12,10.342635
9000,12,8.915022
9000,12,9.044193
9000,12,9.615257
9000,12,9.096420
9000,12,9.104455
9000,12,8.859520
9000,12,8.969803
9000,12,8.889434
9500,12,10.114499
9500,12,10.073111
9500,12,10.440459
9500,12,10.055397
9500,12,9.993434
9500,12,9.858520
9500,12,10.139379
9500,12,10.074648
9500,12,10.404105
9500,12,10.132124
10000,12,12.520557
10000,12,10.739112
10000,12,10.748275
10000,12,10.972056
10000,12,11.347212
10000,12,11.089278
10000,12,11.440111
10000,12,10.755388
10000,12,11.075572
10000,12,10.841713
500,14,0.024454
500,14,0.025562
500,14,0.023916
500,14,0.027502
500,14,0.026240
500,14,0.026137
500,14,0.028091
500,14,0.026351
500,14,0.027869
500,14,0.026644
1000,14,0.268788
1000,14,0.264104
1000,14,1.053902
1000,14,0.270512
1000,14,0.263921
1000,14,0.263747
1000,14,1.047233
1000,14,0.249862
1000,14,0.293439
1000,14,0.256439
1500,14,0.317373
1500,14,0.101350
1500,14,1.104837
1500,14,1.106110
1500,14,1.103848
1500,14,0.103933
1500,14,1.098531
1500,14,1.106848
1500,14,0.056617
1500,14,0.310427
2000,14,0.445435
2000,14,1.181807
2000,14,0.538593
2000,14,1.174155
2000,14,1.180034
2000,14,0.583714
2000,14,1.195093
2000,14,1.173533
2000,14,0.435382
2000,14,1.184433
2500,14,1.294808
2500,14,1.298858
2500,14,1.269873
2500,14,0.436512
2500,14,1.279046
2500,14,1.275785
2500,14,1.258404
2500,14,1.265642
2500,14,0.749047
2500,14,1.299841
3000,14,0.887093
3000,14,1.289200
3000,14,1.374899
3000,14,1.594619
3000,14,1.168370
3000,14,1.189806
3000,14,1.386860
3000,14,1.427740
3000,14,1.081366
3000,14,1.028030
3500,14,1.518824
3500,14,1.332192
3500,14,1.261466
3500,14,1.558768
3500,14,1.630573
3500,14,1.697958
3500,14,1.600589
3500,14,1.746316
3500,14,1.720413
3500,14,1.772379
4000,14,1.852649
4000,14,1.809382
4000,14,1.926250
4000,14,1.962450
4000,14,1.952534
4000,14,1.796246
4000,14,1.464556
4000,14,1.844803
4000,14,1.565755
4000,14,1.645188
4500,14,2.204061
4500,14,2.001583
4500,14,2.315405
4500,14,2.219910
4500,14,2.239783
4500,14,2.397551
4500,14,2.266735
4500,14,1.978359
4500,14,2.197561
4500,14,2.312241
5000,14,2.571823
5000,14,2.387366
5000,14,3.330644
5000,14,2.867323
5000,14,2.684230
5000,14,2.766535
5000,14,2.688404
5000,14,2.801026
5000,14,2.880087
5000,14,2.503070
5500,14,2.690538
5500,14,3.002032
5500,14,2.851886
5500,14,3.306856
5500,14,2.893141
5500,14,3.065069
5500,14,2.860143
5500,14,3.466582
5500,14,3.157725
5500,14,2.749544
6000,14,3.229671
6000,14,3.538535
6000,14,3.677213
6000,14,3.742119
6000,14,3.646104
6000,14,3.475161
6000,14,3.588763
6000,14,3.846583
6000,14,3.807599
6000,14,3.575510
6500,14,3.932788
6500,14,4.216045
6500,14,4.285716
6500,14,4.170510
6500,14,5.173334
6500,14,4.502839
6500,14,4.070438
6500,14,4.199355
6500,14,4.359899
6500,14,3.876091
7000,14,5.181698
7000,14,4.805280
7000,14,4.754017
7000,14,4.605259
7000,14,4.838657
7000,14,5.322112
7000,14,4.438321
7000,14,4.715525
7000,14,4.680033
7000,14,4.904757
7500,14,5.564792
7500,14,5.273933
7500,14,5.507624
7500,14,5.438446
7500,14,5.161925
7500,14,5.672728
7500,14,5.546238
7500,14,5.560757
7500,14,5.754093
7500,14,5.390882
8000,14,6.220930
8000,14,6.062760
8000,14,6.088598
8000,14,6.278702
8000,14,6.541274
8000,14,6.549016
8000,14,6.166495
8000,14,6.352875
8000,14,6.301526
8000,14,6.263071
8500,14,7.286946
8500,14,7.105368
8500,14,7.474755
8500,14,6.956595
8500,14,6.655732
8500,14,6.764955
8500,14,7.034422
8500,14,7.102996
8500,14,7.063785
8500,14,6.638988
9000,14,7.645652
9000,14,8.054649
9000,14,8.047738
9000,14,7.697551
9000,14,8.816468
9000,14,7.773767
9000,14,8.191404
9000,14,7.952216
9000,14,7.641750
9000,14,7.870695
9500,14,8.404792
9500,14,8.878420
9500,14,9.440937
9500,14,8.648118
9500,14,8.636216
9500,14,8.817247
9500,14,9.353450
9500,14,8.821201
9500,14,8.903139
9500,14,8.961133
10000,14,10.031389
10000,14,10.478885
10000,14,9.184383
10000,14,9.516087
10000,14,9.660327
10000,14,9.107375
10000,14,10.050305
10000,14,9.942224
10000,14,9.412602
10000,14,9.647475
500,16,0.023794
500,16,0.024492
500,16,0.022897
500,16,0.024199
500,16,0.024332
500,16,0.025581
500,16,0.023904
500,16,0.023579
500,16,0.024163
500,16,0.024368
1000,16,1.039854
1000,16,0.257463
1000,16,1.040680
1000,16,0.267464
1000,16,0.272899
1000,16,0.266054
1000,16,0.244140
1000,16,0.244276
1000,16,0.462761
1000,16,0.262690
1500,16,0.295603
1500,16,1.086156
1500,16,0.378697
1500,16,1.092723
1500,16,0.463329
1500,16,1.087641
1500,16,0.296594
1500,16,0.276532
1500,16,0.296289
1500,16,0.472548
2000,16,0.514069
2000,16,0.555312
2000,16,0.526774
2000,16,1.159104
2000,16,0.510901
2000,16,1.150480
2000,16,0.503615
2000,16,0.531305
2000,16,1.157171
2000,16,0.539808
2500,16,0.895153
2500,16,0.609404
2500,16,0.724972
2500,16,0.689402
2500,16,0.729440
2500,16,1.238015
2500,16,0.706967
2500,16,0.823168
2500,16,0.760840
2500,16,1.236478
3000,16,1.206015
3000,16,0.909794
3000,16,1.348154
3000,16,1.018084
3000,16,1.341703
3000,16,1.340244
3000,16,1.037767
3000,16,1.355837
3000,16,0.950289
3000,16,1.093091
3500,16,1.446680
3500,16,1.474305
3500,16,1.454037
3500,16,1.440457
3500,16,1.105146
3500,16,1.482089
3500,16,1.217273
3500,16,1.453121
3500,16,1.428992
3500,16,1.484547
4000,16,1.845630
4000,16,1.992056
4000,16,1.564539
4000,16,1.935637
4000,16,1.635826
4000,16,1.722434
4000,16,1.722378
4000,16,1.497067
4000,16,1.802299
4000,16,1.873479
4500,16,2.229914
4500,16,2.036843
4500,16,2.102188
4500,16,2.108089
4500,16,1.882435
4500,16,2.086012
4500,16,2.133415
4500,16,1.954560
4500,16,2.074834
4500,16,2.034437
5000,16,2.217840
5000,16,2.236671
5000,16,2.411258
5000,16,2.838244
5000,16,2.632727
5000,16,2.497240
5000,16,2.404853
5000,16,2.859870
5000,16,2.672786
5000,16,2.305524
5500,16,2.943460
5500,16,2.936611
5500,16,2.859903
5500,16,3.122759
5500,16,2.887794
5500,16,3.079363
5500,16,2.858280
5500,16,2.875202
5500,16,3.169325
5500,16,2.931622
6000,16,3.577328
6000,16,3.884200
6000,16,3.777986
6000,16,3.307986
6000,16,3.392169
6000,16,3.201839
6000,16,3.548542
6000,16,3.422297
6000,16,3.222847
6000,16,3.374403
6500,16,3.969871
6500,16,3.875999
6500,16,3.860318
6500,16,4.006463
6500,16,4.198973
6500,16,4.418101
6500,16,4.085113
6500,16,4.179117
6500,16,3.965902
6500,16,3.855473
7000,16,4.697899
7000,16,4.490584
7000,16,4.549623
7000,16,4.523979
7000,16,4.913451
7000,16,4.411463
7000,16,4.671607
7000,16,4.946805
7000,16,4.393965
7000,16,5.212374
7500,16,5.311945
7500,16,5.146336
7500,16,5.143203
7500,16,5.034124
7500,16,5.463684
7500,16,5.392756
7500,16,5.504306
7500,16,5.463589
7500,16,5.253392
7500,16,5.159895
8000,16,6.035216
8000,16,5.872344
8000,16,5.830952
8000,16,5.781204
8000,16,5.942379
8000,16,6.011035
8000,16,5.824412
8000,16,5.896646
8000,16,6.171342
8000,16,5.982269
8500,16,6.531764
8500,16,6.853759
8500,16,6.565507
8500,16,6.524045
8500,16,6.881004
8500,16,6.774634
8500,16,6.983767
8500,16,6.628685
8500,16,6.683624
8500,16,6.657263
9000,16,7.351465
9000,16,7.687206
9000,16,7.705353
9000,16,7.320010
9000,16,7.589830
9000,16,7.745557
9000,16,7.576944
9000,16,7.721654
9000,16,7.917037
9000,16,7.188133
9500,16,8.367414
9500,16,8.005355
9500,16,8.473566
9500,16,8.385701
9500,16,8.070362
9500,16,8.406801
9500,16,8.402800
9500,16,8.608715
9500,16,8.132836
9500,16,8.222784
10000,16,9.740047
10000,16,9.624507
10000,16,9.589754
10000,16,9.483743
10000,16,9.612058
10000,16,9.441793
10000,16,8.963572
10000,16,9.793549
10000,16,9.493563
10000,16,9.367090
500,18,0.024023
500,18,0.024002
500,18,0.023643
500,18,0.023317
500,18,0.023944
500,18,0.021719
500,18,0.023268
500,18,0.025207
500,18,0.024615
500,18,0.265632
1000,18,0.277054
1000,18,1.038078
1000,18,1.036863
1000,18,0.263794
1000,18,0.266002
1000,18,1.034123
1000,18,0.257219
1000,18,1.036573
1000,18,0.278879
1000,18,0.227451
1500,18,1.080596
1500,18,1.083323
1500,18,1.150394
1500,18,1.372505
1500,18,0.302995
1500,18,1.075808
1500,18,1.119356
1500,18,1.079854
1500,18,0.485760
1500,18,1.080488
2000,18,1.148500
2000,18,0.540026
2000,18,1.138835
2000,18,1.147937
2000,18,1.265903
2000,18,1.130209
2000,18,1.131767
2000,18,1.277383
2000,18,1.129734
2000,18,1.128832
2500,18,1.238922
2500,18,1.230762
2500,18,1.244809
2500,18,1.220208
2500,18,1.200158
2500,18,1.217539
2500,18,1.417651
2500,18,1.240082
2500,18,1.211786
2500,18,1.213257
3000,18,1.313761
3000,18,1.644257
3000,18,1.296918
3000,18,1.296942
3000,18,1.343537
3000,18,1.313684
3000,18,1.790953
3000,18,1.297540
3000,18,1.295653
3000,18,1.303130
3500,18,1.423646
3500,18,1.778549
3500,18,1.393544
3500,18,1.424811
3500,18,1.051824
3500,18,1.322026
3500,18,1.472336
3500,18,1.401873
3500,18,1.786206
3500,18,1.352164
4000,18,1.709848
4000,18,1.510971
4000,18,1.365474
4000,18,1.741891
4000,18,1.769252
4000,18,1.772755
4000,18,1.307971
4000,18,1.743072
4000,18,1.692614
4000,18,1.693139
4500,18,1.915545
4500,18,2.305724
4500,18,1.807436
4500,18,1.940766
4500,18,2.164612
4500,18,2.004139
4500,18,2.249087
4500,18,2.438322
4500,18,1.931878
4500,18,1.989098
5000,18,3.846162
5000,18,2.262909
5000,18,2.167280
5000,18,2.572849
5000,18,3.012956
5000,18,2.271925
5000,18,2.596555
5000,18,2.228095
5000,18,2.160397
5000,18,2.219871
5500,18,2.658147
5500,18,5.092085
5500,18,2.964987
5500,18,2.685823
5500,18,2.564022
5500,18,2.624037
5500,18,2.731707
5500,18,2.557511
5500,18,2.540143
5500,18,2.672313
6000,18,3.051536
6000,18,3.423317
6000,18,3.416364
6000,18,3.234430
6000,18,3.266142
6000,18,3.481457
6000,18,3.358341
6000,18,3.304258
6000,18,3.724179
6000,18,3.131564
6500,18,4.138237
6500,18,3.705944
6500,18,3.928414
6500,18,3.784725
6500,18,3.962276
6500,18,3.774390
6500,18,3.624449
6500,18,3.610093
6500,18,3.802496
6500,18,3.720766
7000,18,4.011690
7000,18,4.314683
7000,18,4.571739
7000,18,4.259693
7000,18,4.679195
7000,18,6.322937
7000,18,5.132059
7000,18,4.546546
7000,18,3.870983
7000,18,4.348811
7500,18,4.995792
7500,18,4.656110
7500,18,5.386823
7500,18,4.779774
7500,18,4.999466
7500,18,4.828749
7500,18,5.176665
7500,18,4.862535
7500,18,5.061243
7500,18,4.791250
8000,18,5.835476
8000,18,6.159611
8000,18,5.458450
8000,18,5.615527
8000,18,5.820596
8000,18,6.032286
8000,18,5.410828
8000,18,5.306147
8000,18,5.232042
8000,18,5.326943
8500,18,6.422379
8500,18,6.754161
8500,18,6.541192
8500,18,6.031773
8500,18,6.064677
8500,18,6.154408
8500,18,6.360794
8500,18,6.952983
8500,18,5.964719
8500,18,6.039206
9000,18,6.621038
9000,18,7.077505
9000,18,7.273464
9000,18,6.991162
9000,18,6.962915
9000,18,6.900339
9000,18,7.394951
9000,18,7.155872
9000,18,7.335701
9000,18,6.707033
9500,18,7.877276
9500,18,7.837443
9500,18,8.023126
9500,18,7.546153
9500,18,7.877950
9500,18,7.928499
9500,18,7.539506
9500,18,7.736217
9500,18,7.422314
9500,18,7.782714
10000,18,8.507559
10000,18,8.626693
10000,18,9.159856
10000,18,8.453685
10000,18,8.369541
10000,18,9.048380
10000,18,9.139482
10000,18,9.081554
10000,18,8.340102
10000,18,8.672433
500,20,0.270371
500,20,0.464338
500,20,0.024194
500,20,0.466032
500,20,0.263697
500,20,0.024070
500,20,0.264864
500,20,0.265080
500,20,0.267572
500,20,0.263763
1000,20,1.034522
1000,20,1.035819
1000,20,1.034862
1000,20,0.257996
1000,20,0.269153
1000,20,0.264121
1000,20,0.272712
1000,20,0.258284
1000,20,1.033885
1000,20,0.268629
1500,20,1.079053
1500,20,0.347875
1500,20,0.470976
1500,20,1.079328
1500,20,0.491863
1500,20,1.071066
1500,20,0.493434
1500,20,1.070462
1500,20,1.074669
1500,20,1.077922
2000,20,1.127847
2000,20,1.117337
2000,20,0.689487
2000,20,1.124318
2000,20,0.509745
2000,20,1.114560
2000,20,1.121102
2000,20,0.656426
2000,20,1.127319
2000,20,0.531327
2500,20,1.186323
2500,20,1.198015
2500,20,0.733722
2500,20,0.690832
2500,20,1.205801
2500,20,1.196340
2500,20,1.193043
2500,20,1.191747
2500,20,1.192389
2500,20,1.188631
3000,20,1.256812
3000,20,1.273940
3000,20,1.392138
3000,20,1.279201
3000,20,0.838492
3000,20,1.263976
3000,20,1.279920
3000,20,1.332250
3000,20,1.000759
3000,20,1.291099
3500,20,1.119290
3500,20,1.119500
3500,20,1.490799
3500,20,1.373258
3500,20,1.373390
3500,20,1.392888
3500,20,1.371945
3500,20,1.285073
3500,20,1.225651
3500,20,1.358509
4000,20,1.395240
4000,20,1.464137
4000,20,1.362295
4000,20,1.602886
4000,20,1.366589
4000,20,1.370796
4000,20,1.627848
4000,20,1.778028
4000,20,1.472282
4000,20,1.720710
4500,20,2.097944
4500,20,2.036548
4500,20,1.924127
4500,20,2.160454
4500,20,2.164021
4500,20,2.005469
4500,20,1.981365
4500,20,1.878702
4500,20,1.865959
4500,20,2.093602
5000,20,2.284879
5000,20,2.049197
5000,20,2.194473
5000,20,2.322225
5000,20,2.177929
5000,20,2.193719
5000,20,2.111082
5000,20,2.000941
5000,20,2.296022
5000,20,2.142943
5500,20,2.451611
5500,20,2.503709
5500,20,2.677774
5500,20,2.672377
5500,20,2.427692
5500,20,2.474664
5500,20,2.517116
5500,20,2.599320
5500,20,2.477392
5500,20,2.608512
6000,20,3.158855
6000,20,2.921004
6000,20,3.317645
6000,20,2.946717
6000,20,2.894389
6000,20,2.886846
6000,20,2.841714
6000,20,3.118400
6000,20,3.164685
6000,20,3.542011
6500,20,3.603562
6500,20,3.380015
6500,20,3.610435
6500,20,3.811060
6500,20,3.597039
6500,20,3.464301
6500,20,3.401757
6500,20,4.024918
6500,20,3.795608
6500,20,3.439461
7000,20,4.821156
7000,20,4.252728
7000,20,4.490260
7000,20,3.967874
7000,20,4.181460
7000,20,4.323287
7000,20,4.247922
7000,20,3.929277
7000,20,4.212771
7000,20,4.291908
7500,20,4.461317
7500,20,4.561796
7500,20,4.934344
7500,20,4.971293
7500,20,4.583724
7500,20,5.385224
7500,20,4.543723
7500,20,4.598432
7500,20,4.688995
7500,20,4.648136
8000,20,5.096214
8000,20,5.335625
8000,20,5.167737
8000,20,5.089447
8000,20,4.982825
8000,20,5.016186
8000,20,5.196209
8000,20,5.061991
8000,20,5.579821
8000,20,5.647727
8500,20,5.884082
8500,20,5.819740
8500,20,5.692208
8500,20,5.949214
8500,20,5.997392
8500,20,5.896479
8500,20,5.717868
8500,20,5.644222
8500,20,5.962752
8500,20,5.793034
9000,20,6.984918
9000,20,6.446934
9000,20,6.386830
9000,20,6.593359
9000,20,6.791814
9000,20,7.064484
9000,20,6.584523
9000,20,6.451002
9000,20,6.755695
9000,20,6.329384
9500,20,7.182661
9500,20,7.516000
9500,20,7.379943
9500,20,7.181236
9500,20,7.210608
9500,20,7.663251
9500,20,7.660165
9500,20,7.661024
9500,20,7.221043
9500,20,7.360484
10000,20,8.168828
10000,20,8.025573
10000,20,7.804446
10000,20,7.946651
10000,20,7.813329
10000,20,7.908502
10000,20,8.702159
10000,20,8.030504
10000,20,8.305700
10000,20,8.613832
Dynamic runs:
500,2, 0.117381
500,2, 0.108737
500,2, 0.108186
500,2, 0.112529
500,2, 0.111271
500,2, 0.115043
500,2, 0.114006
500,2, 0.111478
500,2, 0.111683
500,2, 0.112106
1000,2, 0.427231
1000,2, 0.430363
1000,2, 0.447956
1000,2, 0.429291
1000,2, 0.427061
1000,2, 0.424771
1000,2, 0.426640
1000,2, 0.425080
1000,2, 0.425208
1000,2, 0.429173
1500,2, 1.005602
1500,2, 0.954471
1500,2, 0.950340
1500,2, 0.953351
1500,2, 0.948183
1500,2, 0.949657
1500,2, 1.003366
1500,2, 0.954673
1500,2, 0.947448
1500,2, 0.950220
2000,2, 1.683521
2000,2, 1.694526
2000,2, 1.677428
2000,2, 1.678354
2000,2, 1.681102
2000,2, 1.681218
2000,2, 1.776507
2000,2, 1.683964
2000,2, 1.676362
2000,2, 1.678479
2500,2, 2.618754
2500,2, 2.624732
2500,2, 2.627007
2500,2, 2.635666
2500,2, 2.615461
2500,2, 2.614249
2500,2, 2.614250
2500,2, 2.620874
2500,2, 2.620235
2500,2, 2.621668
3000,2, 3.767903
3000,2, 3.766381
3000,2, 3.774232
3000,2, 3.793720
3000,2, 3.765779
3000,2, 3.791891
3000,2, 3.762255
3000,2, 3.772716
3000,2, 3.973282
3000,2, 3.774397
3500,2, 5.164878
3500,2, 5.113726
3500,2, 5.112449
3500,2, 5.113001
3500,2, 5.114955
3500,2, 5.125540
3500,2, 5.111381
3500,2, 5.132503
3500,2, 5.121160
3500,2, 5.402502
4000,2, 6.673648
4000,2, 6.682816
4000,2, 6.736926
4000,2, 6.689429
4000,2, 7.051415
4000,2, 6.689968
4000,2, 6.684822
4000,2, 6.670323
4000,2, 7.062399
4000,2, 6.732363
4500,2, 8.453816
4500,2, 8.940834
4500,2, 8.533606
4500,2, 8.509394
4500,2, 8.460033
4500,2, 8.455833
4500,2, 8.457994
4500,2, 8.462884
4500,2, 8.456424
4500,2, 8.522386
5000,2, 10.437072
5000,2, 10.417003
5000,2, 10.501445
5000,2, 10.436958
5000,2, 10.435050
5000,2, 10.417209
5000,2, 10.442639
5000,2, 10.434450
5000,2, 10.438210
5000,2, 10.446217
5500,2, 13.338611
5500,2, 13.344283
5500,2, 13.335662
5500,2, 12.596499
5500,2, 12.628557
5500,2, 12.702046
5500,2, 12.598836
5500,2, 12.634813
5500,2, 12.600331
5500,2, 12.641867
6000,2, 14.995456
6000,2, 15.015191
6000,2, 14.994494
6000,2, 14.995935
6000,2, 15.040609
6000,2, 14.989857
6000,2, 15.024102
6000,2, 15.026663
6000,2, 14.992029
6000,2, 15.019612
6500,2, 17.640060
6500,2, 17.613730
6500,2, 18.643434
6500,2, 17.631421
6500,2, 17.613948
6500,2, 17.737846
6500,2, 17.620383
6500,2, 18.628247
6500,2, 17.629940
6500,2, 17.623606
7000,2, 20.441203
7000,2, 20.395369
7000,2, 20.462199
7000,2, 20.393082
7000,2, 20.466741
7000,2, 20.602924
7000,2, 20.418037
7000,2, 20.394346
7000,2, 20.600647
7000,2, 20.396790
7500,2, 23.448092
7500,2, 23.628318
7500,2, 23.602410
7500,2, 23.428962
7500,2, 23.638390
7500,2, 23.418179
7500,2, 23.435196
7500,2, 24.782296
7500,2, 23.448003
7500,2, 23.409567
8000,2, 26.666527
8000,2, 26.711627
8000,2, 26.674893
8000,2, 26.660693
8000,2, 26.863804
8000,2, 26.703145
8000,2, 26.625547
8000,2, 26.715003
8000,2, 28.150348
8000,2, 26.646359
8500,2, 30.078292
8500,2, 30.044388
8500,2, 30.126914
8500,2, 30.067355
8500,2, 31.864666
8500,2, 30.033255
8500,2, 30.083052
8500,2, 30.060608
8500,2, 30.120526
8500,2, 30.067580
9000,2, 33.698966
9000,2, 33.773619
9000,2, 33.969118
9000,2, 33.752237
9000,2, 33.774068
9000,2, 33.798883
9000,2, 35.282587
9000,2, 35.627068
9000,2, 33.768963
9000,2, 33.744831
9500,2, 39.791626
9500,2, 37.597069
9500,2, 37.929295
9500,2, 37.555072
9500,2, 37.562627
9500,2, 37.645124
9500,2, 37.639822
9500,2, 37.625469
9500,2, 37.609010
9500,2, 37.597399
10000,2, 44.071328
10000,2, 42.009670
10000,2, 41.997018
10000,2, 43.987647
10000,2, 44.070209
10000,2, 41.618470
10000,2, 41.675295
10000,2, 41.612368
10000,2, 41.595668
10000,2, 43.980526
500,4, 0.046824
500,4, 0.049097
500,4, 0.050826
500,4, 0.049580
500,4, 0.047385
500,4, 0.046426
500,4, 0.050478
500,4, 0.049375
500,4, 0.050789
500,4, 0.051579
1000,4, 0.165517
1000,4, 0.172087
1000,4, 0.171951
1000,4, 0.171726
1000,4, 0.166187
1000,4, 0.172267
1000,4, 0.169764
1000,4, 0.169905
1000,4, 0.173283
1000,4, 0.169668
1500,4, 0.373129
1500,4, 0.380051
1500,4, 0.378149
1500,4, 0.380641
1500,4, 0.379201
1500,4, 0.377248
1500,4, 0.377021
1500,4, 0.373928
1500,4, 0.370364
1500,4, 0.367924
2000,4, 0.649065
2000,4, 0.666104
2000,4, 0.655904
2000,4, 0.666401
2000,4, 0.656475
2000,4, 0.655467
2000,4, 0.653320
2000,4, 0.654681
2000,4, 0.659238
2000,4, 0.645690
2500,4, 1.018335
2500,4, 1.017140
2500,4, 1.000058
2500,4, 1.019229
2500,4, 1.003605
2500,4, 1.017797
2500,4, 1.037287
2500,4, 1.019346
2500,4, 1.012984
2500,4, 1.032772
3000,4, 1.481249
3000,4, 1.463363
3000,4, 1.460526
3000,4, 1.461400
3000,4, 1.462902
3000,4, 1.466178
3000,4, 1.458631
3000,4, 1.463802
3000,4, 1.482187
3000,4, 1.464267
3500,4, 2.013255
3500,4, 1.989298
3500,4, 1.992370
3500,4, 1.985365
3500,4, 1.984716
3500,4, 1.984613
3500,4, 1.952755
3500,4, 1.989561
3500,4, 2.049615
3500,4, 2.006655
4000,4, 2.544086
4000,4, 2.560022
4000,4, 2.592653
4000,4, 2.552385
4000,4, 2.584611
4000,4, 2.545766
4000,4, 2.626942
4000,4, 2.618575
4000,4, 2.673145
4000,4, 2.585039
4500,4, 3.266850
4500,4, 3.267987
4500,4, 3.268538
4500,4, 3.310273
4500,4, 3.273895
4500,4, 3.267649
4500,4, 3.291036
4500,4, 3.320054
4500,4, 3.277711
4500,4, 3.282206
5000,4, 4.072783
5000,4, 4.041562
5000,4, 3.966483
5000,4, 4.158272
5000,4, 3.977479
5000,4, 4.168784
5000,4, 4.037422
5000,4, 4.169701
5000,4, 4.100227
5000,4, 4.163535
5500,4, 4.965077
5500,4, 4.808827
5500,4, 4.812041
5500,4, 4.880742
5500,4, 4.869169
5500,4, 4.814411
5500,4, 4.871378
5500,4, 4.865930
5500,4, 4.871632
5500,4, 4.865967
6000,4, 5.718151
6000,4, 5.717668
6000,4, 5.883169
6000,4, 5.801781
6000,4, 5.904760
6000,4, 6.002057
6000,4, 5.829757
6000,4, 5.806792
6000,4, 5.885158
6000,4, 5.795739
6500,4, 6.916335
6500,4, 6.893225
6500,4, 6.696033
6500,4, 6.699927
6500,4, 6.688727
6500,4, 7.173770
6500,4, 6.801444
6500,4, 6.892077
6500,4, 6.973333
6500,4, 6.793436
7000,4, 9.255254
7000,4, 9.188625
7000,4, 9.070307
7000,4, 9.309547
7000,4, 9.213034
7000,4, 9.098813
7000,4, 9.184824
7000,4, 9.077401
7000,4, 9.096824
7000,4, 9.191423
7500,4, 10.649457
7500,4, 10.352990
7500,4, 10.636949
7500,4, 10.331309
7500,4, 10.449922
7500,4, 10.469296
7500,4, 10.651101
7500,4, 10.463802
7500,4, 10.382817
7500,4, 10.830967
8000,4, 12.214422
8000,4, 12.271292
8000,4, 12.318333
8000,4, 12.308106
8000,4, 12.339426
8000,4, 12.189050
8000,4, 11.812805
8000,4, 12.450911
8000,4, 12.322671
8000,4, 12.071953
8500,4, 13.890279
8500,4, 13.747221
8500,4, 14.346556
8500,4, 13.881856
8500,4, 13.914253
8500,4, 14.099266
8500,4, 14.317337
8500,4, 13.831458
8500,4, 13.987520
8500,4, 13.954885
9000,4, 15.579984
9000,4, 15.565030
9000,4, 15.607031
9000,4, 15.457118
9000,4, 15.399659
9000,4, 15.588298
9000,4, 15.604429
9000,4, 15.856225
9000,4, 15.358803
9000,4, 15.811247
9500,4, 17.610022
9500,4, 17.418531
9500,4, 17.541814
9500,4, 17.656662
9500,4, 17.614557
9500,4, 17.601931
9500,4, 17.913394
9500,4, 17.876964
9500,4, 17.386831
9500,4, 17.370734
10000,4, 19.607631
10000,4, 19.270442
10000,4, 19.304627
10000,4, 19.333978
10000,4, 18.432046
10000,4, 19.627690
10000,4, 19.520365
10000,4, 19.575839
10000,4, 19.904005
10000,4, 19.594740
500,6, 0.042774
500,6, 0.041086
500,6, 0.043243
500,6, 0.043412
500,6, 0.039083
500,6, 0.042101
500,6, 0.039397
500,6, 0.042955
500,6, 0.042815
500,6, 0.041839
1000,6, 0.137026
1000,6, 0.133240
1000,6, 0.135277
1000,6, 0.144446
1000,6, 0.141990
1000,6, 0.137840
1000,6, 0.137723
1000,6, 0.137869
1000,6, 0.133691
1000,6, 0.137677
1500,6, 0.304276
1500,6, 0.299617
1500,6, 0.309302
1500,6, 0.300401
1500,6, 0.305669
1500,6, 0.306422
1500,6, 0.301395
1500,6, 0.306271
1500,6, 0.304106
1500,6, 0.300658
2000,6, 0.534049
2000,6, 0.549615
2000,6, 0.526904
2000,6, 0.530007
2000,6, 0.580663
2000,6, 0.526926
2000,6, 0.528057
2000,6, 0.535032
2000,6, 0.762239
2000,6, 0.798823
2500,6, 0.816228
2500,6, 0.841313
2500,6, 0.824970
2500,6, 0.829455
2500,6, 0.802189
2500,6, 0.831938
2500,6, 0.833136
2500,6, 0.824506
2500,6, 0.828548
2500,6, 0.826926
3000,6, 1.182849
3000,6, 1.184038
3000,6, 1.179617
3000,6, 1.191535
3000,6, 1.438787
3000,6, 1.181056
3000,6, 1.399879
3000,6, 1.198625
3000,6, 1.181244
3000,6, 1.177779
3500,6, 1.871887
3500,6, 2.125268
3500,6, 2.124326
3500,6, 2.355720
3500,6, 1.668345
3500,6, 2.594998
3500,6, 2.144281
3500,6, 1.865254
3500,6, 1.871769
3500,6, 1.856400
4000,6, 2.613783
4000,6, 2.355884
4000,6, 3.104444
4000,6, 2.844097
4000,6, 2.628128
4000,6, 2.845016
4000,6, 2.866053
4000,6, 2.619325
4000,6, 2.573177
4000,6, 3.103143
4500,6, 3.658882
4500,6, 3.361745
4500,6, 3.659784
4500,6, 3.179631
4500,6, 3.426949
4500,6, 4.152266
4500,6, 3.652422
4500,6, 3.380902
4500,6, 3.623539
4500,6, 3.349280
5000,6, 5.254093
5000,6, 5.293443
5000,6, 4.769305
5000,6, 4.479456
5000,6, 5.324412
5000,6, 3.864210
5000,6, 5.278559
5000,6, 5.207681
5000,6, 4.485651
5000,6, 5.496115
5500,6, 6.129158
5500,6, 5.392169
5500,6, 6.195175
5500,6, 5.683217
5500,6, 6.048134
5500,6, 5.044498
5500,6, 6.413922
5500,6, 6.242300
5500,6, 5.678127
5500,6, 6.117058
6000,6, 7.383663
6000,6, 7.328420
6000,6, 6.614062
6000,6, 6.920980
6000,6, 6.522394
6000,6, 7.481607
6000,6, 6.279813
6000,6, 6.494257
6000,6, 7.010761
6000,6, 6.700973
6500,6, 7.331820
6500,6, 8.173898
6500,6, 7.759138
6500,6, 7.835321
6500,6, 7.965676
6500,6, 7.833965
6500,6, 6.494781
6500,6, 7.409503
6500,6, 7.511880
6500,6, 6.679744
7000,6, 8.976606
7000,6, 8.627027
7000,6, 9.863568
7000,6, 9.017556
7000,6, 10.161977
7000,6, 9.709145
7000,6, 8.796458
7000,6, 9.585675
7000,6, 9.603238
7000,6, 8.337378
7500,6, 10.445540
7500,6, 10.502373
7500,6, 10.326800
7500,6, 10.051147
7500,6, 10.534488
7500,6, 9.432464
7500,6, 8.897981
7500,6, 10.531509
7500,6, 10.779845
7500,6, 10.186637
8000,6, 11.816081
8000,6, 11.747621
8000,6, 11.697594
8000,6, 10.787061
8000,6, 11.242804
8000,6, 10.530510
8000,6, 11.018918
8000,6, 11.231642
8000,6, 11.806012
8000,6, 10.242115
8500,6, 14.105645
8500,6, 13.222872
8500,6, 11.754595
8500,6, 12.420293
8500,6, 13.082617
8500,6, 13.255104
8500,6, 13.634368
8500,6, 13.174809
8500,6, 12.136717
8500,6, 13.160241
9000,6, 12.534434
9000,6, 15.172738
9000,6, 14.167409
9000,6, 14.668780
9000,6, 13.857253
9000,6, 15.317893
9000,6, 13.715300
9000,6, 14.463137
9000,6, 14.404936
9000,6, 13.933012
9500,6, 16.282754
9500,6, 14.815305
9500,6, 16.357534
9500,6, 16.516019
9500,6, 13.738320
9500,6, 15.736165
9500,6, 16.656349
9500,6, 14.314502
9500,6, 15.376648
9500,6, 16.750816
10000,6, 16.703249
10000,6, 17.684096
10000,6, 17.251683
10000,6, 16.867407
10000,6, 17.715975
10000,6, 18.308628
10000,6, 17.545127
10000,6, 18.519763
10000,6, 17.534595
10000,6, 17.503836
500,8, 0.040699
500,8, 0.036686
500,8, 0.030931
500,8, 0.035086
500,8, 0.033392
500,8, 0.038693
500,8, 0.037991
500,8, 0.035115
500,8, 0.034674
500,8, 0.036677
1000,8, 0.112682
1000,8, 0.117561
1000,8, 0.111089
1000,8, 0.110517
1000,8, 0.113357
1000,8, 0.112953
1000,8, 0.112391
1000,8, 0.113254
1000,8, 0.110947
1000,8, 0.111233
1500,8, 0.248023
1500,8, 0.245583
1500,8, 0.246593
1500,8, 0.243433
1500,8, 0.248162
1500,8, 0.247333
1500,8, 0.250885
1500,8, 0.247311
1500,8, 0.251604
1500,8, 0.250302
2000,8, 0.687395
2000,8, 0.878216
2000,8, 0.940741
2000,8, 0.683828
2000,8, 0.681257
2000,8, 0.682532
2000,8, 0.674801
2000,8, 0.675543
2000,8, 0.926894
2000,8, 0.911874
2500,8, 1.624719
2500,8, 1.613190
2500,8, 1.409524
2500,8, 1.436647
2500,8, 1.413850
2500,8, 1.643057
2500,8, 1.451349
2500,8, 1.674323
2500,8, 1.623388
2500,8, 1.410236
3000,8, 1.861551
3000,8, 2.227979
3000,8, 2.413635
3000,8, 1.959452
3000,8, 2.184507
3000,8, 2.453671
3000,8, 1.999312
3000,8, 1.957152
3000,8, 2.444587
3000,8, 2.462172
3500,8, 2.883614
3500,8, 2.336246
3500,8, 3.025392
3500,8, 3.095542
3500,8, 2.796897
3500,8, 2.996921
3500,8, 3.020674
3500,8, 2.856667
3500,8, 3.541575
3500,8, 2.814795
4000,8, 3.172234
4000,8, 3.177943
4000,8, 3.796189
4000,8, 3.669844
4000,8, 4.366254
4000,8, 4.198206
4000,8, 4.303255
4000,8, 4.108965
4000,8, 3.683601
4000,8, 4.649716
4500,8, 5.454474
4500,8, 4.224928
4500,8, 4.437630
4500,8, 4.797323
4500,8, 5.508839
4500,8, 5.226660
4500,8, 4.262699
4500,8, 5.464374
4500,8, 4.957688
4500,8, 6.179692
5000,8, 6.887552
5000,8, 5.827406
5000,8, 5.983272
5000,8, 6.352718
5000,8, 6.128994
5000,8, 5.465892
5000,8, 6.320689
5000,8, 5.478470
5000,8, 5.155533
5000,8, 6.447636
5500,8, 5.986597
5500,8, 6.743022
5500,8, 6.320165
5500,8, 7.458683
5500,8, 7.034705
5500,8, 7.178266
5500,8, 7.492502
5500,8, 7.726483
5500,8, 7.075976
5500,8, 6.971463
6000,8, 7.882584
6000,8, 8.042485
6000,8, 7.907755
6000,8, 8.360151
6000,8, 8.414763
6000,8, 8.137594
6000,8, 7.812097
6000,8, 7.622759
6000,8, 7.699085
6000,8, 7.078951
6500,8, 8.120448
6500,8, 8.333632
6500,8, 7.772025
6500,8, 9.385141
6500,8, 9.060975
6500,8, 9.437953
6500,8, 10.203832
6500,8, 9.045320
6500,8, 9.707361
6500,8, 8.558915
7000,8, 10.174239
7000,8, 11.817144
7000,8, 10.396409
7000,8, 11.624533
7000,8, 10.839064
7000,8, 12.479618
7000,8, 10.029291
7000,8, 10.445994
7000,8, 10.676625
7000,8, 9.751861
7500,8, 11.318550
7500,8, 9.605002
7500,8, 12.053018
7500,8, 10.849207
7500,8, 11.376383
7500,8, 10.378424
7500,8, 11.981178
7500,8, 12.946669
7500,8, 10.951928
7500,8, 11.390256
8000,8, 12.828808
8000,8, 13.284853
8000,8, 11.766636
8000,8, 11.448899
8000,8, 11.873152
8000,8, 13.089179
8000,8, 12.647008
8000,8, 13.629323
8000,8, 11.786617
8000,8, 13.748963
8500,8, 15.522644
8500,8, 15.776966
8500,8, 14.225010
8500,8, 12.220330
8500,8, 13.396287
8500,8, 14.645112
8500,8, 12.682151
8500,8, 12.467227
8500,8, 13.990451
8500,8, 14.581300
9000,8, 14.427894
9000,8, 15.622191
9000,8, 15.969251
9000,8, 15.712203
9000,8, 16.570980
9000,8, 15.360836
9000,8, 15.738467
9000,8, 16.381808
9000,8, 14.287609
9000,8, 14.598989
9500,8, 17.052875
9500,8, 17.496660
9500,8, 18.433923
9500,8, 18.941077
9500,8, 19.228406
9500,8, 18.182686
9500,8, 17.530744
9500,8, 17.675631
9500,8, 17.446870
9500,8, 17.636564
10000,8, 18.782659
10000,8, 19.475070
10000,8, 19.079312
10000,8, 20.440886
10000,8, 20.254373
10000,8, 18.006368
10000,8, 18.618889
10000,8, 18.899331
10000,8, 18.316834
10000,8, 18.873861
500,10, 0.030225
500,10, 0.028519
500,10, 0.029935
500,10, 0.029779
500,10, 0.030354
500,10, 0.028640
500,10, 0.028067
500,10, 0.029660
500,10, 0.029945
500,10, 0.027751
1000,10, 0.087567
1000,10, 0.089583
1000,10, 0.089094
1000,10, 0.087967
1000,10, 0.088438
1000,10, 0.087131
1000,10, 0.087436
1000,10, 0.088397
1000,10, 0.087432
1000,10, 0.086993
1500,10, 0.676455
1500,10, 0.679184
1500,10, 0.687650
1500,10, 0.208273
1500,10, 0.435212
1500,10, 0.435217
1500,10, 0.437534
1500,10, 0.443941
1500,10, 0.450673
1500,10, 0.939365
2000,10, 1.283188
2000,10, 1.089376
2000,10, 1.069111
2000,10, 1.061127
2000,10, 1.280302
2000,10, 1.236148
2000,10, 1.091048
2000,10, 1.526948
2000,10, 1.066998
2000,10, 1.078333
2500,10, 1.737059
2500,10, 2.217846
2500,10, 1.994981
2500,10, 2.190023
2500,10, 1.985095
2500,10, 2.400546
2500,10, 2.188614
2500,10, 2.140709
2500,10, 2.087428
2500,10, 2.418061
3000,10, 2.511666
3000,10, 3.539784
3000,10, 1.896619
3000,10, 2.917538
3000,10, 3.135429
3000,10, 2.215674
3000,10, 3.129995
3000,10, 3.212769
3000,10, 2.413692
3000,10, 2.878634
3500,10, 3.853261
3500,10, 3.882397
3500,10, 3.663704
3500,10, 2.627782
3500,10, 3.725300
3500,10, 4.216704
3500,10, 2.828067
3500,10, 3.455878
3500,10, 3.226516
3500,10, 3.294509
4000,10, 3.587319
4000,10, 4.631486
4000,10, 5.297091
4000,10, 3.133376
4000,10, 4.702602
4000,10, 5.076390
4000,10, 4.125821
4000,10, 5.003482
4000,10, 4.612528
4000,10, 5.072373
4500,10, 5.297042
4500,10, 5.690679
4500,10, 6.541651
4500,10, 5.182151
4500,10, 5.059541
4500,10, 5.454717
4500,10, 5.752029
4500,10, 5.885592
4500,10, 6.502710
4500,10, 6.504734
5000,10, 5.898658
5000,10, 7.831390
5000,10, 7.551434
5000,10, 6.393540
5000,10, 6.340702
5000,10, 6.176474
5000,10, 6.010645
5000,10, 6.437624
5000,10, 6.769131
5000,10, 6.229491
5500,10, 7.557547
5500,10, 9.072825
5500,10, 7.363108
5500,10, 8.574731
5500,10, 7.892966
5500,10, 8.601822
5500,10, 6.028291
5500,10, 8.938774
5500,10, 7.393579
5500,10, 8.661050
6000,10, 7.999569
6000,10, 7.010410
6000,10, 7.590396
6000,10, 8.324819
6000,10, 9.154608
6000,10, 9.040458
6000,10, 8.771024
6000,10, 8.703015
6000,10, 10.927322
6000,10, 9.371552
6500,10, 9.374606
6500,10, 9.811490
6500,10, 10.397681
6500,10, 7.582443
6500,10, 10.746279
6500,10, 10.261436
6500,10, 10.225260
6500,10, 10.290357
6500,10, 9.710610
6500,10, 8.115618
7000,10, 10.425145
7000,10, 10.578753
7000,10, 10.053371
7000,10, 9.839992
7000,10, 11.497524
7000,10, 10.897211
7000,10, 10.573309
7000,10, 12.086489
7000,10, 10.992408
7000,10, 12.086042
7500,10, 11.972091
7500,10, 12.633902
7500,10, 13.151368
7500,10, 12.304671
7500,10, 10.846729
7500,10, 12.486413
7500,10, 12.450450
7500,10, 12.640528
7500,10, 11.472773
7500,10, 13.006658
8000,10, 15.021013
8000,10, 11.707127
8000,10, 12.900734
8000,10, 12.602704
8000,10, 14.372809
8000,10, 14.254799
8000,10, 13.612324
8000,10, 15.092939
8000,10, 14.550181
8000,10, 12.517160
8500,10, 13.735300
8500,10, 16.500185
8500,10, 15.350241
8500,10, 16.510997
8500,10, 14.770311
8500,10, 13.919122
8500,10, 13.673410
8500,10, 15.127832
8500,10, 14.641387
8500,10, 15.503954
9000,10, 16.075660
9000,10, 19.860775
9000,10, 15.824646
9000,10, 19.627784
9000,10, 16.538274
9000,10, 17.369252
9000,10, 17.220216
9000,10, 17.728038
9000,10, 17.396014
9000,10, 16.865471
9500,10, 19.421564
9500,10, 20.011976
9500,10, 22.128367
9500,10, 19.135052
9500,10, 17.271247
9500,10, 21.047604
9500,10, 20.242944
9500,10, 22.068635
9500,10, 18.330678
9500,10, 20.242618
10000,10, 20.169612
10000,10, 19.708231
10000,10, 23.275067
10000,10, 20.935124
10000,10, 22.984075
10000,10, 22.313312
10000,10, 20.050371
10000,10, 23.647010
10000,10, 21.236673
10000,10, 22.004677
500,12, 0.026504
500,12, 0.029797
500,12, 0.025800
500,12, 0.029941
500,12, 0.028819
500,12, 0.028082
500,12, 0.025224
500,12, 0.027931
500,12, 0.027075
500,12, 0.029369
1000,12, 0.286558
1000,12, 0.322459
1000,12, 0.311497
1000,12, 0.557394
1000,12, 0.320863
1000,12, 0.322197
1000,12, 0.325896
1000,12, 0.283409
1000,12, 0.083278
1000,12, 0.078716
1500,12, 1.123138
1500,12, 0.886698
1500,12, 0.906188
1500,12, 1.273778
1500,12, 0.656588
1500,12, 0.908693
1500,12, 0.891371
1500,12, 0.860314
1500,12, 0.904679
1500,12, 1.334286
2000,12, 1.225307
2000,12, 1.695959
2000,12, 1.903484
2000,12, 1.744893
2000,12, 1.740838
2000,12, 1.521285
2000,12, 1.513246
2000,12, 1.709502
2000,12, 1.513817
2000,12, 1.888175
2500,12, 2.306266
2500,12, 2.264438
2500,12, 2.188279
2500,12, 2.141961
2500,12, 1.911541
2500,12, 2.376210
2500,12, 2.762086
2500,12, 2.504948
2500,12, 2.942592
2500,12, 2.786132
3000,12, 3.874711
3000,12, 3.166670
3000,12, 2.737736
3000,12, 3.013047
3000,12, 2.811566
3000,12, 2.983135
3000,12, 2.915262
3000,12, 3.224292
3000,12, 3.204393
3000,12, 3.440085
3500,12, 3.684606
3500,12, 3.487849
3500,12, 3.743026
3500,12, 4.605904
3500,12, 3.467239
3500,12, 3.850042
3500,12, 2.768532
3500,12, 4.051542
3500,12, 3.830467
3500,12, 5.061807
4000,12, 4.299463
4000,12, 4.616443
4000,12, 5.436277
4000,12, 5.300782
4000,12, 4.925461
4000,12, 4.143496
4000,12, 5.283454
4000,12, 4.393331
4000,12, 3.669968
4000,12, 4.408311
4500,12, 5.575414
4500,12, 6.650121
4500,12, 6.017962
4500,12, 5.171583
4500,12, 5.603934
4500,12, 6.138877
4500,12, 6.209622
4500,12, 6.317790
4500,12, 6.538071
4500,12, 6.189953
5000,12, 8.434914
5000,12, 7.272500
5000,12, 6.212453
5000,12, 5.949114
5000,12, 7.800433
5000,12, 6.873135
5000,12, 6.690684
5000,12, 7.047770
5000,12, 7.242588
5000,12, 6.268577
5500,12, 9.164741
5500,12, 8.408310
5500,12, 7.320247
5500,12, 8.864661
5500,12, 8.037573
5500,12, 7.303065
5500,12, 7.472807
5500,12, 8.555912
5500,12, 7.456894
5500,12, 8.292025
6000,12, 8.847213
6000,12, 8.391461
6000,12, 8.964820
6000,12, 8.939842
6000,12, 10.366619
6000,12, 10.186268
6000,12, 8.499367
6000,12, 7.579864
6000,12, 8.916596
6000,12, 9.013087
6500,12, 9.849923
6500,12, 8.587736
6500,12, 11.500678
6500,12, 8.881227
6500,12, 9.505593
6500,12, 10.362114
6500,12, 10.191462
6500,12, 10.417107
6500,12, 11.053667
6500,12, 9.855041
7000,12, 11.907148
7000,12, 10.600556
7000,12, 10.382144
7000,12, 10.644522
7000,12, 12.002385
7000,12, 11.733564
7000,12, 11.017040
7000,12, 9.447813
7000,12, 11.768375
7000,12, 11.905305
7500,12, 12.340388
7500,12, 11.595515
7500,12, 10.967848
7500,12, 11.941725
7500,12, 11.401641
7500,12, 10.877419
7500,12, 12.483567
7500,12, 12.644250
7500,12, 10.522363
7500,12, 12.079972
8000,12, 12.197031
8000,12, 13.060971
8000,12, 12.771448
8000,12, 13.531455
8000,12, 11.855818
8000,12, 12.203159
8000,12, 12.848740
8000,12, 12.335701
8000,12, 13.209387
8000,12, 12.891612
8500,12, 15.952574
8500,12, 16.464449
8500,12, 14.311178
8500,12, 15.782647
8500,12, 14.793600
8500,12, 15.272807
8500,12, 15.641006
8500,12, 15.680723
8500,12, 17.092496
8500,12, 14.864610
9000,12, 15.778529
9000,12, 15.021403
9000,12, 14.300402
9000,12, 17.281424
9000,12, 17.053939
9000,12, 15.852801
9000,12, 17.057481
9000,12, 17.096864
9000,12, 15.528655
9000,12, 16.421584
9500,12, 18.667384
9500,12, 20.199337
9500,12, 19.032781
9500,12, 18.470953
9500,12, 17.745582
9500,12, 20.823750
9500,12, 18.903346
9500,12, 19.801972
9500,12, 18.514135
9500,12, 20.149177
10000,12, 18.633881
10000,12, 19.059284
10000,12, 20.442634
10000,12, 19.297032
10000,12, 20.472866
10000,12, 20.145906
10000,12, 17.742895
10000,12, 18.554006
10000,12, 19.081946
10000,12, 19.081312
500,14, 0.028065
500,14, 0.023488
500,14, 0.025944
500,14, 0.024941
500,14, 0.027521
500,14, 0.022365
500,14, 0.028233
500,14, 0.025794
500,14, 0.023225
500,14, 0.023208
1000,14, 0.318582
1000,14, 0.319255
1000,14, 0.307626
1000,14, 0.317756
1000,14, 0.558976
1000,14, 0.273551
1000,14, 0.073255
1000,14, 0.313856
1000,14, 0.326456
1000,14, 0.572584
1500,14, 1.342039
1500,14, 0.982376
1500,14, 0.393352
1500,14, 0.890765
1500,14, 1.289717
1500,14, 1.087958
1500,14, 0.880592
1500,14, 1.174241
1500,14, 0.898424
1500,14, 0.884935
2000,14, 2.120936
2000,14, 1.927754
2000,14, 1.733955
2000,14, 1.970400
2000,14, 2.457336
2000,14, 1.724646
2000,14, 2.006031
2000,14, 2.052063
2000,14, 2.351299
2000,14, 1.526159
2500,14, 2.589770
2500,14, 2.809186
2500,14, 2.323040
2500,14, 2.755994
2500,14, 2.692646
2500,14, 2.117424
2500,14, 2.557256
2500,14, 2.773296
2500,14, 1.989678
2500,14, 2.284230
3000,14, 3.117159
3000,14, 2.737281
3000,14, 2.470897
3000,14, 2.076021
3000,14, 3.273796
3000,14, 3.488702
3000,14, 3.388513
3000,14, 2.545101
3000,14, 2.908056
3000,14, 2.816325
3500,14, 4.402756
3500,14, 4.629698
3500,14, 4.447482
3500,14, 3.713206
3500,14, 4.738370
3500,14, 4.481345
3500,14, 4.071159
3500,14, 4.045869
3500,14, 3.770024
3500,14, 3.084281
4000,14, 5.093827
4000,14, 5.591543
4000,14, 6.010092
4000,14, 4.377260
4000,14, 5.019570
4000,14, 4.914677
4000,14, 5.345290
4000,14, 5.504278
4000,14, 4.500194
4000,14, 4.510126
4500,14, 6.939674
4500,14, 5.195027
4500,14, 6.823455
4500,14, 5.669272
4500,14, 6.359807
4500,14, 5.587960
4500,14, 7.461259
4500,14, 5.769119
4500,14, 5.932710
4500,14, 5.849982
5000,14, 7.120684
5000,14, 6.939540
5000,14, 5.589240
5000,14, 6.923798
5000,14, 7.678929
5000,14, 6.608948
5000,14, 6.528097
5000,14, 5.875114
5000,14, 7.207816
5000,14, 7.123971
5500,14, 6.864092
5500,14, 7.889441
5500,14, 8.288313
5500,14, 8.399244
5500,14, 8.479859
5500,14, 8.775168
5500,14, 8.207742
5500,14, 7.089735
5500,14, 7.643687
5500,14, 8.551520
6000,14, 9.475732
6000,14, 9.356094
6000,14, 9.078180
6000,14, 8.884790
6000,14, 8.518545
6000,14, 8.690904
6000,14, 10.177856
6000,14, 7.863516
6000,14, 7.958007
6000,14, 9.084809
6500,14, 9.525297
6500,14, 9.456707
6500,14, 9.948487
6500,14, 10.048030
6500,14, 9.870708
6500,14, 9.630089
6500,14, 9.575045
6500,14, 10.588177
6500,14, 9.172863
6500,14, 9.684542
7000,14, 11.511371
7000,14, 10.845392
7000,14, 11.101873
7000,14, 12.675309
7000,14, 10.707389
7000,14, 12.355252
7000,14, 11.224560
7000,14, 9.682323
7000,14, 12.441058
7000,14, 11.713171
7500,14, 11.992878
7500,14, 11.474074
7500,14, 11.223401
7500,14, 11.305890
7500,14, 13.372738
7500,14, 12.028826
7500,14, 10.251615
7500,14, 13.573753
7500,14, 13.094656
7500,14, 13.534918
8000,14, 12.482997
8000,14, 14.061768
8000,14, 12.716394
8000,14, 12.991265
8000,14, 12.539136
8000,14, 13.212953
8000,14, 12.882490
8000,14, 14.318715
8000,14, 13.195786
8000,14, 14.364030
8500,14, 15.088797
8500,14, 13.589159
8500,14, 16.653105
8500,14, 15.163243
8500,14, 15.069342
8500,14, 15.491214
8500,14, 14.980592
8500,14, 14.413215
8500,14, 14.433714
8500,14, 15.175793
9000,14, 15.656285
9000,14, 16.996971
9000,14, 17.302171
9000,14, 16.512023
9000,14, 16.317761
9000,14, 16.523466
9000,14, 15.658625
9000,14, 17.041427
9000,14, 16.617895
9000,14, 15.498013
9500,14, 19.784925
9500,14, 16.277852
9500,14, 19.656132
9500,14, 17.297743
9500,14, 17.786670
9500,14, 17.653031
9500,14, 18.860808
9500,14, 18.126731
9500,14, 16.932457
9500,14, 18.052924
10000,14, 17.595643
10000,14, 18.591793
10000,14, 18.815719
10000,14, 19.891735
10000,14, 19.265792
10000,14, 19.462029
10000,14, 17.141344
10000,14, 18.489555
10000,14, 18.620163
10000,14, 18.047576
500,16, 0.024185
500,16, 0.025870
500,16, 0.024651
500,16, 0.021986
500,16, 0.022652
500,16, 0.023793
500,16, 0.022774
500,16, 0.028226
500,16, 0.025783
500,16, 0.023054
1000,16, 0.309392
1000,16, 0.072832
1000,16, 0.552512
1000,16, 0.526711
1000,16, 0.315213
1000,16, 0.318269
1000,16, 0.310837
1000,16, 0.315562
1000,16, 0.563874
1000,16, 0.072279
1500,16, 0.390440
1500,16, 1.070138
1500,16, 1.128955
1500,16, 1.089924
1500,16, 0.881315
1500,16, 1.075205
1500,16, 0.623500
1500,16, 1.086627
1500,16, 1.338713
1500,16, 0.880776
2000,16, 1.913550
2000,16, 1.549706
2000,16, 2.249380
2000,16, 1.954085
2000,16, 1.692171
2000,16, 1.893911
2000,16, 2.240966
2000,16, 1.607637
2000,16, 1.823092
2000,16, 1.813965
2500,16, 2.888180
2500,16, 2.201488
2500,16, 2.158963
2500,16, 2.230433
2500,16, 1.704807
2500,16, 2.533348
2500,16, 2.506829
2500,16, 2.228230
2500,16, 2.261676
2500,16, 1.851936
3000,16, 2.873341
3000,16, 3.465197
3000,16, 3.418664
3000,16, 3.497914
3000,16, 3.216201
3000,16, 2.719703
3000,16, 3.696791
3000,16, 3.188667
3000,16, 2.905047
3000,16, 2.755051
3500,16, 4.625030
3500,16, 4.221592
3500,16, 3.662535
3500,16, 4.378566
3500,16, 4.196398
3500,16, 3.822918
3500,16, 4.042904
3500,16, 4.861762
3500,16, 3.960052
3500,16, 4.357432
4000,16, 5.548452
4000,16, 4.724918
4000,16, 5.168597
4000,16, 4.958512
4000,16, 4.665238
4000,16, 5.604761
4000,16, 4.764195
4000,16, 4.686906
4000,16, 4.900989
4000,16, 4.650414
4500,16, 6.814017
4500,16, 5.668481
4500,16, 7.584607
4500,16, 6.476331
4500,16, 6.034115
4500,16, 6.196515
4500,16, 5.607456
4500,16, 6.463517
4500,16, 6.261258
4500,16, 5.328295
5000,16, 5.756107
5000,16, 6.062312
5000,16, 6.967072
5000,16, 5.709994
5000,16, 6.212480
5000,16, 6.905464
5000,16, 7.510927
5000,16, 7.481242
5000,16, 7.872946
5000,16, 7.099032
5500,16, 8.865563
5500,16, 8.012397
5500,16, 8.705048
5500,16, 8.365502
5500,16, 7.724721
5500,16, 8.600915
5500,16, 9.163580
5500,16, 7.623478
5500,16, 8.021318
5500,16, 8.334304
6000,16, 8.967069
6000,16, 8.748246
6000,16, 8.245713
6000,16, 10.016522
6000,16, 9.004045
6000,16, 9.132108
6000,16, 9.660926
6000,16, 9.169314
6000,16, 9.329550
6000,16, 7.980575
6500,16, 9.977333
6500,16, 10.343790
6500,16, 10.012225
6500,16, 9.676172
6500,16, 9.608618
6500,16, 9.704643
6500,16, 8.820442
6500,16, 9.219895
6500,16, 8.849329
6500,16, 9.456313
7000,16, 10.335319
7000,16, 12.287329
7000,16, 10.054732
7000,16, 10.807670
7000,16, 11.495050
7000,16, 9.690102
7000,16, 10.629978
7000,16, 11.244866
7000,16, 11.835692
7000,16, 11.160532
7500,16, 11.212495
7500,16, 12.308732
7500,16, 10.275363
7500,16, 13.076201
7500,16, 12.793554
7500,16, 10.902056
7500,16, 12.103952
7500,16, 11.736719
7500,16, 12.792041
7500,16, 11.602612
8000,16, 13.876771
8000,16, 14.461526
8000,16, 14.259641
8000,16, 12.903616
8000,16, 14.509956
8000,16, 13.521772
8000,16, 14.441088
8000,16, 14.223445
8000,16, 13.636893
8000,16, 12.919440
8500,16, 14.390686
8500,16, 15.747285
8500,16, 14.700853
8500,16, 15.113191
8500,16, 13.943200
8500,16, 14.238488
8500,16, 14.555984
8500,16, 14.386384
8500,16, 14.815126
8500,16, 14.880112
9000,16, 16.642833
9000,16, 16.916109
9000,16, 17.333595
9000,16, 16.802635
9000,16, 16.352628
9000,16, 17.333876
9000,16, 16.416384
9000,16, 16.508098
9000,16, 16.545295
9000,16, 15.984457
9500,16, 18.218180
9500,16, 17.470180
9500,16, 16.245459
9500,16, 18.001800
9500,16, 18.119466
9500,16, 18.680772
9500,16, 18.200732
9500,16, 17.180044
9500,16, 18.453332
9500,16, 16.797140
10000,16, 18.510421
10000,16, 19.971491
10000,16, 19.233923
10000,16, 20.115280
10000,16, 18.324347
10000,16, 19.381802
10000,16, 19.798534
10000,16, 17.262484
10000,16, 19.974399
10000,16, 20.097559
500,18, 0.025748
500,18, 0.020494
500,18, 0.020892
500,18, 0.023721
500,18, 0.023652
500,18, 0.022333
500,18, 0.025905
500,18, 0.019460
500,18, 0.021133
500,18, 0.017739
1000,18, 0.770331
1000,18, 0.787588
1000,18, 0.305844
1000,18, 0.554493
1000,18, 0.559159
1000,18, 1.003207
1000,18, 0.310401
1000,18, 0.547359
1000,18, 0.551515
1000,18, 0.551533
1500,18, 1.087711
1500,18, 1.558215
1500,18, 1.503949
1500,18, 1.345217
1500,18, 1.148000
1500,18, 1.274548
1500,18, 0.826984
1500,18, 1.278073
1500,18, 1.071459
1500,18, 1.306720
2000,18, 1.685999
2000,18, 1.474343
2000,18, 1.719496
2000,18, 1.686075
2000,18, 1.864866
2000,18, 1.771081
2000,18, 1.961349
2000,18, 1.969975
2000,18, 2.083756
2000,18, 1.830934
2500,18, 2.123689
2500,18, 2.004166
2500,18, 2.213597
2500,18, 2.498466
2500,18, 2.216764
2500,18, 2.471468
2500,18, 2.014065
2500,18, 2.240471
2500,18, 2.308288
2500,18, 2.063012
3000,18, 3.881020
3000,18, 2.718448
3000,18, 3.414627
3000,18, 3.166578
3000,18, 2.960867
3000,18, 2.826985
3000,18, 3.826495
3000,18, 3.902840
3000,18, 3.509477
3000,18, 2.343591
3500,18, 4.438627
3500,18, 4.203761
3500,18, 4.346208
3500,18, 4.275795
3500,18, 4.533038
3500,18, 3.800057
3500,18, 3.775097
3500,18, 4.439279
3500,18, 3.983376
3500,18, 3.333253
4000,18, 5.350023
4000,18, 5.122174
4000,18, 5.518371
4000,18, 5.557263
4000,18, 4.455170
4000,18, 5.596897
4000,18, 4.624558
4000,18, 4.566505
4000,18, 5.291686
4000,18, 5.380914
4500,18, 6.415139
4500,18, 6.071976
4500,18, 6.987603
4500,18, 5.632783
4500,18, 6.301328
4500,18, 5.619328
4500,18, 5.757706
4500,18, 6.655193
4500,18, 6.420598
4500,18, 5.981439
5000,18, 6.250816
5000,18, 6.287689
5000,18, 6.328284
5000,18, 6.916103
5000,18, 7.707324
5000,18, 8.012715
5000,18, 6.899505
5000,18, 6.673556
5000,18, 6.908983
5000,18, 6.467428
5500,18, 7.738848
5500,18, 7.726837
5500,18, 8.158290
5500,18, 8.609715
5500,18, 8.589723
5500,18, 7.899713
5500,18, 8.434157
5500,18, 7.773895
5500,18, 7.815020
5500,18, 9.266453
6000,18, 9.542971
6000,18, 8.655137
6000,18, 8.913009
6000,18, 10.364163
6000,18, 8.506416
6000,18, 8.501446
6000,18, 9.718523
6000,18, 9.284450
6000,18, 9.899730
6000,18, 9.860233
6500,18, 10.103995
6500,18, 10.299635
6500,18, 9.382115
6500,18, 10.617590
6500,18, 10.384667
6500,18, 10.563899
6500,18, 10.969195
6500,18, 10.058621
6500,18, 9.718897
6500,18, 9.511965
7000,18, 12.145248
7000,18, 11.554705
7000,18, 12.011593
7000,18, 10.892617
7000,18, 11.481400
7000,18, 11.549100
7000,18, 11.825834
7000,18, 11.644338
7000,18, 11.542091
7000,18, 11.394445
7500,18, 12.772008
7500,18, 10.933420
7500,18, 12.558019
7500,18, 12.225153
7500,18, 13.645822
7500,18, 12.837642
7500,18, 14.076170
7500,18, 12.499816
7500,18, 12.678796
7500,18, 12.316655
8000,18, 14.514751
8000,18, 14.082683
8000,18, 13.030484
8000,18, 14.229001
8000,18, 13.391060
8000,18, 13.270069
8000,18, 13.650583
8000,18, 14.500322
8000,18, 14.151306
8000,18, 13.784330
8500,18, 15.651326
8500,18, 16.064665
8500,18, 15.180967
8500,18, 14.586614
8500,18, 15.686216
8500,18, 14.988760
8500,18, 15.188865
8500,18, 15.529678
8500,18, 14.651042
8500,18, 15.820573
9000,18, 15.749567
9000,18, 15.906399
9000,18, 16.402075
9000,18, 15.708618
9000,18, 16.331460
9000,18, 17.269290
9000,18, 16.386638
9000,18, 17.168184
9000,18, 16.048897
9000,18, 16.273150
9500,18, 17.526227
9500,18, 18.553986
9500,18, 18.769902
9500,18, 17.737932
9500,18, 16.330393
9500,18, 17.581216
9500,18, 17.153645
9500,18, 17.816752
9500,18, 18.772177
9500,18, 17.009752
10000,18, 18.013040
10000,18, 17.979716
10000,18, 19.592196
10000,18, 19.252964
10000,18, 18.399901
10000,18, 18.163936
10000,18, 17.451606
10000,18, 18.253177
10000,18, 18.287058
10000,18, 17.772483
500,20, 0.024030
500,20, 0.022218
500,20, 0.019909
500,20, 0.023507
500,20, 0.025798
500,20, 0.022391
500,20, 0.022633
500,20, 0.027787
500,20, 0.023499
500,20, 0.023004
1000,20, 1.006085
1000,20, 1.007667
1000,20, 0.793796
1000,20, 0.782603
1000,20, 0.303938
1000,20, 0.537693
1000,20, 0.552929
1000,20, 0.771096
1000,20, 1.007547
1000,20, 1.007364
1500,20, 1.702993
1500,20, 1.114545
1500,20, 1.297577
1500,20, 1.063700
1500,20, 1.058792
1500,20, 1.547883
1500,20, 1.300900
1500,20, 1.438492
1500,20, 1.005397
1500,20, 1.009409
2000,20, 1.861687
2000,20, 2.039051
2000,20, 1.977161
2000,20, 1.265945
2000,20, 1.527171
2000,20, 1.728870
2000,20, 1.751574
2000,20, 1.414913
2000,20, 1.860256
2000,20, 1.942998
2500,20, 1.928291
2500,20, 2.461144
2500,20, 2.192567
2500,20, 1.392348
2500,20, 2.408017
2500,20, 3.379246
2500,20, 2.655750
2500,20, 2.376968
2500,20, 2.283814
2500,20, 2.149312
3000,20, 3.363288
3000,20, 4.069537
3000,20, 3.263929
3000,20, 2.009500
3000,20, 2.594270
3000,20, 3.456677
3000,20, 3.093244
3000,20, 3.719026
3000,20, 4.063805
3000,20, 2.856306
3500,20, 5.409030
3500,20, 4.261064
3500,20, 4.345966
3500,20, 4.033140
3500,20, 4.227504
3500,20, 3.537098
3500,20, 4.595750
3500,20, 3.552914
3500,20, 4.286495
3500,20, 4.680379
4000,20, 5.815365
4000,20, 4.112805
4000,20, 4.810011
4000,20, 5.239927
4000,20, 5.291760
4000,20, 5.358850
4000,20, 5.820867
4000,20, 5.031544
4000,20, 4.618016
4000,20, 5.283210
4500,20, 5.375648
4500,20, 5.329322
4500,20, 6.523321
4500,20, 5.809389
4500,20, 6.351724
4500,20, 6.047733
4500,20, 6.107165
4500,20, 5.401778
4500,20, 6.481666
4500,20, 6.432207
5000,20, 6.932907
5000,20, 6.538979
5000,20, 7.161457
5000,20, 7.330318
5000,20, 6.833517
5000,20, 7.099409
5000,20, 6.304366
5000,20, 7.145968
5000,20, 6.579142
5000,20, 6.832374
5500,20, 9.094799
5500,20, 7.831340
5500,20, 8.509276
5500,20, 7.996116
5500,20, 7.970648
5500,20, 8.898929
5500,20, 8.195702
5500,20, 8.537742
5500,20, 7.776959
5500,20, 7.972142
6000,20, 9.807703
6000,20, 9.749088
6000,20, 9.721826
6000,20, 9.016590
6000,20, 8.771447
6000,20, 8.981204
6000,20, 9.133844
6000,20, 9.076015
6000,20, 9.403756
6000,20, 8.720931
6500,20, 9.458168
6500,20, 9.503586
6500,20, 9.990877
6500,20, 9.217202
6500,20, 8.971309
6500,20, 9.890657
6500,20, 9.946723
6500,20, 9.043882
6500,20, 10.284996
6500,20, 8.858042
7000,20, 11.766079
7000,20, 11.366893
7000,20, 11.475810
7000,20, 11.066431
7000,20, 11.827839
7000,20, 11.619738
7000,20, 11.254249
7000,20, 12.107999
7000,20, 11.738405
7000,20, 12.170658
7500,20, 12.195394
7500,20, 12.107452
7500,20, 11.850113
7500,20, 11.585297
7500,20, 12.765365
7500,20, 12.326164
7500,20, 11.413529
7500,20, 11.805286
7500,20, 12.367779
7500,20, 11.771253
8000,20, 12.534063
8000,20, 13.249893
8000,20, 13.515279
8000,20, 14.125872
8000,20, 12.821524
8000,20, 13.439834
8000,20, 13.914825
8000,20, 14.284129
8000,20, 13.317562
8000,20, 13.058783
8500,20, 15.637401
8500,20, 14.438963
8500,20, 13.266811
8500,20, 14.260460
8500,20, 14.858966
8500,20, 15.797275
8500,20, 15.392410
8500,20, 13.344591
8500,20, 14.949076
8500,20, 14.414268
9000,20, 15.780654
9000,20, 15.335948
9000,20, 15.971446
9000,20, 16.787765
9000,20, 15.809259
9000,20, 16.059818
9000,20, 15.736313
9000,20, 15.213153
9000,20, 14.712387
9000,20, 16.612399
9500,20, 17.082439
9500,20, 16.860390
9500,20, 17.927338
9500,20, 17.514665
9500,20, 16.759197
9500,20, 18.271910
9500,20, 16.980381
9500,20, 17.507587
9500,20, 17.250699
9500,20, 17.283169
10000,20, 19.217092
10000,20, 18.839811
10000,20, 17.320322
10000,20, 18.254647
10000,20, 18.359872
10000,20, 19.000959
10000,20, 18.101222
10000,20, 18.184020
10000,20, 18.383242
10000,20, 18.087074
