500,1,0.111731
500,1,0.106778
500,1,0.106880
500,1,0.108130
500,1,0.109582
500,1,0.115100
500,1,0.112260
500,1,0.106897
500,1,0.108576
500,1,0.108074
1000,1,0.426962
1000,1,0.444889
1000,1,0.425042
1000,1,0.431996
1000,1,0.426625
1000,1,0.425278
1000,1,0.425738
1000,1,0.429684
1000,1,0.424309
1000,1,0.428153
1500,1,0.958856
1500,1,0.956662
1500,1,0.957594
1500,1,0.960786
1500,1,0.961536
1500,1,0.955555
1500,1,0.967752
1500,1,0.954227
1500,1,0.953312
1500,1,0.953289
2000,1,1.695249
2000,1,1.699869
2000,1,1.703440
2000,1,1.719055
2000,1,1.696644
2000,1,1.702893
2000,1,1.697973
2000,1,1.698941
2000,1,1.736876
2000,1,1.707925
2500,1,2.666606
2500,1,2.668116
2500,1,2.665708
2500,1,2.652924
2500,1,2.657925
2500,1,2.651044
2500,1,2.650102
2500,1,2.653849
2500,1,2.661680
2500,1,2.662555
3000,1,3.824132
3000,1,3.813196
3000,1,3.822754
3000,1,3.828891
3000,1,3.819950
3000,1,3.832411
3000,1,3.830775
3000,1,3.831466
3000,1,3.829786
3000,1,3.829427
3500,1,5.190410
3500,1,5.202952
3500,1,5.203901
3500,1,5.210887
3500,1,5.202631
3500,1,5.262145
3500,1,5.199168
3500,1,5.207401
3500,1,5.218699
3500,1,5.223496
4000,1,6.811932
4000,1,6.821345
4000,1,6.782580
4000,1,6.798697
4000,1,6.792082
4000,1,6.809618
4000,1,6.807927
4000,1,6.809350
4000,1,6.872604
4000,1,6.792238
4500,1,8.593200
4500,1,8.615785
4500,1,8.600543
4500,1,8.600628
4500,1,8.616552
4500,1,8.617680
4500,1,8.599332
4500,1,8.587223
4500,1,8.617000
4500,1,8.595173
5000,1,10.615537
5000,1,10.748225
5000,1,10.592528
5000,1,10.617539
5000,1,10.618259
5000,1,10.599195
5000,1,10.636775
5000,1,10.621324
5000,1,10.636271
5000,1,10.745078
5500,1,12.824705
5500,1,12.837743
5500,1,12.825136
5500,1,12.843389
5500,1,12.839667
5500,1,12.840133
5500,1,12.842710
5500,1,12.843921
5500,1,12.866792
5500,1,12.835406
6000,1,15.305591
6000,1,15.290822
6000,1,15.311746
6000,1,15.326628
6000,1,15.476329
6000,1,15.268138
6000,1,15.259888
6000,1,15.283471
6000,1,15.322419
6000,1,15.324792
6500,1,17.942023
6500,1,18.158149
6500,1,17.941020
6500,1,17.949242
6500,1,17.919741
6500,1,17.970568
6500,1,17.966292
6500,1,17.927073
6500,1,17.914085
6500,1,17.974891
7000,1,20.813164
7000,1,20.857315
7000,1,20.856242
7000,1,20.769495
7000,1,20.799954
7000,1,20.814038
7000,1,21.059928
7000,1,20.845064
7000,1,20.806266
7000,1,20.804123
7500,1,24.177105
7500,1,23.886004
7500,1,23.923143
7500,1,23.889790
7500,1,23.883011
7500,1,23.882745
7500,1,23.898555
7500,1,23.938618
7500,1,24.157831
7500,1,23.885854
8000,1,27.174884
8000,1,27.180862
8000,1,27.182005
8000,1,27.244842
8000,1,27.173169
8000,1,27.240249
8000,1,27.502559
8000,1,27.169702
8000,1,27.194306
8000,1,27.205743
8500,1,30.717893
8500,1,30.734302
8500,1,30.697592
8500,1,30.647321
8500,1,30.716501
8500,1,30.770833
8500,1,30.701440
8500,1,30.699934
8500,1,30.769438
8500,1,31.047108
9000,1,34.483672
9000,1,34.335490
9000,1,34.395472
9000,1,34.405748
9000,1,34.398524
9000,1,34.445578
9000,1,34.443866
9000,1,34.822472
9000,1,34.467582
9000,1,34.394379
9500,1,38.432267
9500,1,38.273629
9500,1,38.323761
9500,1,38.261466
9500,1,38.328180
9500,1,38.326442
9500,1,38.322149
9500,1,38.785330
9500,1,38.328617
9500,1,38.798926
10000,1,42.513450
10000,1,43.026290
10000,1,42.495531
10000,1,42.498680
10000,1,42.498244
10000,1,42.484494
10000,1,42.505580
10000,1,42.460840
10000,1,42.602547
10000,1,42.442762
Static runs:
500,2,0.114667
500,2,0.124335
500,2,0.107441
500,2,0.119323
500,2,0.114968
500,2,0.118616
500,2,0.122378
500,2,0.124350
500,2,0.111034
500,2,0.120936
1000,2,0.454407
1000,2,0.456835
1000,2,0.450095
1000,2,0.418093
1000,2,0.416548
1000,2,0.416024
1000,2,0.445696
1000,2,0.446226
1000,2,0.452291
1000,2,0.446378
1500,2,0.996996
1500,2,0.930224
1500,2,1.000207
1500,2,0.998479
1500,2,0.934014
1500,2,0.995663
1500,2,0.994179
1500,2,0.995152
1500,2,1.000915
1500,2,0.994952
2000,2,1.768948
2000,2,1.645179
2000,2,1.652206
2000,2,1.756835
2000,2,1.762194
2000,2,1.765886
2000,2,1.764519
2000,2,1.649460
2000,2,1.764667
2000,2,1.759371
2500,2,2.747065
2500,2,2.743198
2500,2,2.744012
2500,2,2.742372
2500,2,2.740715
2500,2,2.743573
2500,2,2.566162
2500,2,2.750622
2500,2,2.745338
2500,2,2.746161
3000,2,3.937198
3000,2,3.969632
3000,2,3.948829
3000,2,3.943609
3000,2,3.692836
3000,2,3.954917
3000,2,3.950186
3000,2,3.944179
3000,2,3.944153
3000,2,3.688208
3500,2,5.359631
3500,2,5.352583
3500,2,5.363873
3500,2,5.382951
3500,2,5.003816
3500,2,5.361174
3500,2,4.999772
3500,2,5.369921
3500,2,5.363217
3500,2,5.355675
4000,2,6.561545
4000,2,6.989263
4000,2,6.989608
4000,2,6.525832
4000,2,6.536559
4000,2,6.990282
4000,2,7.014159
4000,2,7.000372
4000,2,7.005108
4000,2,7.004475
4500,2,8.860210
4500,2,8.291376
4500,2,8.850247
4500,2,8.265971
4500,2,8.836713
4500,2,8.261631
4500,2,8.841045
4500,2,8.845026
4500,2,8.275729
4500,2,8.834585
5000,2,10.939578
5000,2,10.927089
5000,2,10.923390
5000,2,10.915161
5000,2,10.934669
5000,2,10.934773
5000,2,10.223768
5000,2,10.914694
5000,2,10.930286
5000,2,10.905915
5500,2,12.375714
5500,2,13.192454
5500,2,13.203960
5500,2,13.186137
5500,2,13.192144
5500,2,12.323495
5500,2,13.186874
5500,2,13.214284
5500,2,12.342055
5500,2,12.322700
6000,2,15.711730
6000,2,14.650815
6000,2,15.718597
6000,2,15.709265
6000,2,14.711515
6000,2,14.674634
6000,2,15.723636
6000,2,15.697943
6000,2,14.653152
6000,2,15.693711
6500,2,18.430005
6500,2,18.407218
6500,2,18.432294
6500,2,17.216237
6500,2,18.442614
6500,2,17.224894
6500,2,18.425923
6500,2,17.182243
6500,2,18.452739
6500,2,17.235522
7000,2,21.410650
7000,2,21.351184
7000,2,21.348456
7000,2,21.360022
7000,2,21.354792
7000,2,19.920930
7000,2,21.331586
7000,2,21.388520
7000,2,21.336774
7000,2,20.004591
7500,2,22.857856
7500,2,24.484500
7500,2,24.543227
7500,2,22.866058
7500,2,24.511473
7500,2,24.530317
7500,2,22.866046
7500,2,24.522874
7500,2,24.551435
7500,2,24.548410
8000,2,27.923120
8000,2,27.955746
8000,2,27.862475
8000,2,27.928647
8000,2,27.890075
8000,2,27.939961
8000,2,27.879388
8000,2,27.913078
8000,2,27.866428
8000,2,27.924938
8500,2,29.377072
8500,2,31.503941
8500,2,31.488563
8500,2,31.488334
8500,2,31.473910
8500,2,29.458754
8500,2,31.482304
8500,2,31.509700
8500,2,31.498584
8500,2,31.529086
9000,2,35.309791
9000,2,32.898863
9000,2,33.044538
9000,2,35.319527
9000,2,35.321214
9000,2,35.240704
9000,2,35.369236
9000,2,35.303418
9000,2,35.313127
9000,2,32.950676
9500,2,36.714738
9500,2,39.346541
9500,2,39.295717
9500,2,39.297741
9500,2,39.324743
9500,2,39.269020
9500,2,39.376244
9500,2,39.383917
9500,2,39.345370
9500,2,39.278348
10000,2,40.685496
10000,2,43.554705
10000,2,43.586197
10000,2,43.490289
10000,2,40.695642
10000,2,40.691620
10000,2,43.589983
10000,2,43.494110
10000,2,43.575126
10000,2,43.591313
500,4,0.049327
500,4,0.049292
500,4,0.049260
500,4,0.048486
500,4,0.048933
500,4,0.048385
500,4,0.049538
500,4,0.049441
500,4,0.049356
500,4,0.047926
1000,4,0.188255
1000,4,0.188753
1000,4,0.189343
1000,4,0.188677
1000,4,0.182292
1000,4,0.197246
1000,4,0.188359
1000,4,0.184772
1000,4,0.188374
1000,4,0.181827
1500,4,0.432393
1500,4,0.420970
1500,4,0.411488
1500,4,0.420466
1500,4,0.420735
1500,4,0.422173
1500,4,0.422436
1500,4,0.407020
1500,4,0.422116
1500,4,0.421247
2000,4,0.726682
2000,4,0.714767
2000,4,0.715554
2000,4,0.741969
2000,4,0.710896
2000,4,0.726368
2000,4,0.741372
2000,4,0.740973
2000,4,0.717647
2000,4,0.715798
2500,4,1.153725
2500,4,1.152942
2500,4,1.128253
2500,4,1.131582
2500,4,1.128761
2500,4,1.130092
2500,4,1.117064
2500,4,1.115005
2500,4,1.134741
2500,4,1.134917
3000,4,1.632250
3000,4,1.680695
3000,4,1.600451
3000,4,1.666403
3000,4,1.620595
3000,4,1.661966
3000,4,1.658173
3000,4,1.657465
3000,4,1.624838
3000,4,1.663984
3500,4,2.252890
3500,4,2.251254
3500,4,2.255573
3500,4,2.255703
3500,4,2.206681
3500,4,2.251705
3500,4,2.259594
3500,4,2.253345
3500,4,2.174751
3500,4,2.249431
4000,4,2.936509
4000,4,3.180990
4000,4,2.872665
4000,4,2.927323
4000,4,2.932765
4000,4,2.870156
4000,4,2.828815
4000,4,2.828224
4000,4,2.931243
4000,4,2.872469
4500,4,3.634277
4500,4,3.636268
4500,4,3.712309
4500,4,3.713996
4500,4,3.640753
4500,4,3.655525
4500,4,3.591330
4500,4,3.635720
4500,4,3.633702
4500,4,3.707293
5000,4,4.479938
5000,4,4.570074
5000,4,4.576742
5000,4,4.416890
5000,4,4.568244
5000,4,4.474954
5000,4,4.567642
5000,4,4.568376
5000,4,4.431098
5000,4,4.511946
5500,4,5.413434
5500,4,5.519149
5500,4,5.415610
5500,4,5.531984
5500,4,5.542156
5500,4,5.409276
5500,4,5.530641
5500,4,5.531383
5500,4,5.418314
5500,4,5.428945
6000,4,6.591359
6000,4,6.580459
6000,4,6.358212
6000,4,6.360665
6000,4,6.364097
6000,4,6.573524
6000,4,6.571959
6000,4,6.358441
6000,4,6.369338
6000,4,6.367076
6500,4,7.554542
6500,4,7.727070
6500,4,7.550873
6500,4,7.727380
6500,4,7.725373
6500,4,7.718971
6500,4,7.562489
6500,4,7.565121
6500,4,7.552237
6500,4,7.718791
7000,4,8.751113
7000,4,8.939816
7000,4,8.940333
7000,4,8.945058
7000,4,8.770324
7000,4,8.758806
7000,4,8.951834
7000,4,8.753906
7000,4,8.648269
7000,4,8.986204
7500,4,10.291032
7500,4,10.268236
7500,4,10.051549
7500,4,9.918164
7500,4,10.267257
7500,4,10.266608
7500,4,10.281029
7500,4,10.269051
7500,4,10.261716
7500,4,9.919814
8000,4,11.276113
8000,4,11.442186
8000,4,11.447400
8000,4,11.680597
8000,4,11.663578
8000,4,11.283310
8000,4,11.449830
8000,4,11.684433
8000,4,11.444361
8000,4,11.274041
8500,4,12.727420
8500,4,12.912310
8500,4,13.161210
8500,4,13.185953
8500,4,13.174579
8500,4,13.188969
8500,4,13.177283
8500,4,13.190753
8500,4,12.725139
8500,4,13.173585
9000,4,14.290354
9000,4,14.475251
9000,4,14.284019
9000,4,14.769382
9000,4,14.802800
9000,4,14.261793
9000,4,14.486339
9000,4,14.773599
9000,4,14.795306
9000,4,14.263951
9500,4,15.910050
9500,4,16.463254
9500,4,16.473504
9500,4,16.458446
9500,4,16.466542
9500,4,16.457973
9500,4,15.907518
9500,4,16.464752
9500,4,16.449541
9500,4,16.467690
10000,4,17.621536
10000,4,18.219618
10000,4,18.209178
10000,4,17.628961
10000,4,18.231341
10000,4,17.609582
10000,4,18.236912
10000,4,17.857997
10000,4,17.846510
10000,4,17.861469
500,6,0.059854
500,6,0.057419
500,6,0.056983
500,6,0.058737
500,6,0.057418
500,6,0.056572
500,6,0.056852
500,6,0.056287
500,6,0.056742
500,6,0.059434
1000,6,0.221288
1000,6,0.228883
1000,6,0.172548
1000,6,0.228315
1000,6,0.228879
1000,6,0.227599
1000,6,0.223845
1000,6,0.219419
1000,6,0.220860
1000,6,0.225461
1500,6,0.510282
1500,6,0.490494
1500,6,0.503691
1500,6,0.498589
1500,6,0.493074
1500,6,0.504698
1500,6,0.396322
1500,6,0.490508
1500,6,0.490494
1500,6,0.501887
2000,6,0.872097
2000,6,0.725900
2000,6,0.878508
2000,6,0.747931
2000,6,0.872390
2000,6,0.885602
2000,6,0.864844
2000,6,0.758719
2000,6,0.861514
2000,6,0.898751
2500,6,1.370800
2500,6,1.281745
2500,6,1.083610
2500,6,1.360514
2500,6,1.178860
2500,6,1.187471
2500,6,1.349695
2500,6,1.172056
2500,6,1.357456
2500,6,1.175818
3000,6,1.979298
3000,6,1.954413
3000,6,2.016084
3000,6,1.601953
3000,6,1.907936
3000,6,1.960085
3000,6,2.015775
3000,6,1.508234
3000,6,1.993554
3000,6,1.931983
3500,6,2.721094
3500,6,2.683664
3500,6,2.737460
3500,6,2.691344
3500,6,2.657735
3500,6,2.654496
3500,6,2.609389
3500,6,2.683822
3500,6,2.515812
3500,6,2.691705
4000,6,3.465359
4000,6,3.567310
4000,6,3.533532
4000,6,3.501610
4000,6,3.522230
4000,6,3.501190
4000,6,3.527147
4000,6,2.806602
4000,6,2.811299
4000,6,3.498980
4500,6,4.064193
4500,6,4.425564
4500,6,3.722461
4500,6,4.349061
4500,6,3.824089
4500,6,4.283629
4500,6,3.635453
4500,6,4.248487
4500,6,4.355807
4500,6,3.750667
5000,6,4.285237
5000,6,4.505678
5000,6,4.726262
5000,6,4.767105
5000,6,4.330593
5000,6,4.490146
5000,6,5.482156
5000,6,4.409213
5000,6,5.108238
5000,6,5.213435
5500,6,6.554203
5500,6,6.552975
5500,6,5.515637
5500,6,5.760924
5500,6,6.479970
5500,6,5.479391
5500,6,5.372335
5500,6,6.616282
5500,6,5.502959
5500,6,5.570023
6000,6,6.417564
6000,6,6.512777
6000,6,6.267012
6000,6,6.326538
6000,6,6.801318
6000,6,6.321420
6000,6,7.777061
6000,6,8.164442
6000,6,6.665736
6000,6,7.948363
6500,6,9.282155
6500,6,7.303484
6500,6,9.367777
6500,6,9.222792
6500,6,7.638288
6500,6,7.623442
6500,6,9.068826
6500,6,7.607699
6500,6,7.898561
6500,6,8.212758
7000,6,8.468018
7000,6,10.630869
7000,6,10.433206
7000,6,9.206996
7000,6,10.979740
7000,6,9.080004
7000,6,9.052451
7000,6,9.964601
7000,6,8.899434
7000,6,9.176016
7500,6,10.156417
7500,6,10.463197
7500,6,12.591413
7500,6,9.875451
7500,6,10.056493
7500,6,11.669631
7500,6,10.287693
7500,6,10.563134
7500,6,11.241980
7500,6,9.918333
8000,6,11.730880
8000,6,12.216990
8000,6,11.067365
8000,6,11.572383
8000,6,14.197249
8000,6,11.240521
8000,6,11.390650
8000,6,12.516687
8000,6,14.120038
8000,6,11.293886
8500,6,14.968004
8500,6,12.798960
8500,6,13.412184
8500,6,12.661093
8500,6,12.714342
8500,6,12.352001
8500,6,13.117678
8500,6,16.093500
8500,6,12.746998
8500,6,12.990116
9000,6,14.130766
9000,6,14.012244
9000,6,14.467098
9000,6,14.297060
9000,6,14.108629
9000,6,14.405658
9000,6,17.610808
9000,6,15.089619
9000,6,17.932638
9000,6,13.832359
9500,6,15.962692
9500,6,16.392040
9500,6,16.269466
9500,6,19.303804
9500,6,19.471978
9500,6,16.116592
9500,6,15.653069
9500,6,16.510609
9500,6,17.859319
9500,6,17.943858
10000,6,18.355446
10000,6,17.819004
10000,6,21.973778
10000,6,22.194135
10000,6,17.281875
10000,6,18.359804
10000,6,17.202458
10000,6,18.970457
10000,6,17.668090
10000,6,18.429336
500,8,0.043680
500,8,0.044278
500,8,0.044000
500,8,0.043850
500,8,0.043399
500,8,0.043858
500,8,0.043863
500,8,0.045154
500,8,0.045158
500,8,0.044147
1000,8,0.411026
1000,8,0.408273
1000,8,0.168304
1000,8,0.166579
1000,8,0.189081
1000,8,0.169499
1000,8,0.168146
1000,8,0.169874
1000,8,0.170593
1000,8,0.168264
1500,8,0.374456
1500,8,0.563250
1500,8,0.380030
1500,8,0.373412
1500,8,0.592933
1500,8,0.610344
1500,8,0.594104
1500,8,0.376602
1500,8,0.369143
1500,8,0.613417
2000,8,0.739012
2000,8,0.693571
2000,8,0.666110
2000,8,0.743905
2000,8,0.657585
2000,8,0.655897
2000,8,0.661305
2000,8,0.750773
2000,8,0.676941
2000,8,0.746452
2500,8,1.084670
2500,8,1.079566
2500,8,1.044680
2500,8,1.039241
2500,8,1.023634
2500,8,1.045486
2500,8,1.051590
2500,8,1.027296
2500,8,1.073055
2500,8,1.043101
3000,8,1.508642
3000,8,1.940188
3000,8,1.529933
3000,8,1.498380
3000,8,1.912025
3000,8,1.661964
3000,8,1.525311
3000,8,1.504839
3000,8,1.886249
3000,8,1.606546
3500,8,2.010475
3500,8,2.097323
3500,8,2.059177
3500,8,2.044194
3500,8,2.075516
3500,8,2.417866
3500,8,2.067754
3500,8,2.052725
3500,8,2.171291
3500,8,2.004456
4000,8,2.667721
4000,8,2.784784
4000,8,2.696348
4000,8,2.631358
4000,8,2.734484
4000,8,2.672725
4000,8,2.646386
4000,8,2.627294
4000,8,2.780153
4000,8,3.008724
4500,8,3.364453
4500,8,3.344109
4500,8,3.385219
4500,8,3.690505
4500,8,3.356320
4500,8,3.346437
4500,8,3.523218
4500,8,3.491464
4500,8,3.338679
4500,8,3.378823
5000,8,4.164025
5000,8,4.365853
5000,8,4.243900
5000,8,4.168890
5000,8,4.239624
5000,8,4.129848
5000,8,4.292542
5000,8,4.180329
5000,8,4.215107
5000,8,4.087499
5500,8,5.060372
5500,8,4.977079
5500,8,4.987399
5500,8,4.994845
5500,8,5.052383
5500,8,5.075409
5500,8,5.110679
5500,8,4.942210
5500,8,5.007186
5500,8,4.952501
6000,8,5.927702
6000,8,6.049442
6000,8,5.977670
6000,8,5.928636
6000,8,6.005116
6000,8,5.986317
6000,8,5.997052
6000,8,6.432222
6000,8,5.965628
6000,8,5.907289
6500,8,7.022591
6500,8,6.955624
6500,8,7.068855
6500,8,7.066460
6500,8,7.108201
6500,8,7.118121
6500,8,7.047858
6500,8,7.142004
6500,8,7.004764
6500,8,7.318577
7000,8,8.152073
7000,8,8.149548
7000,8,8.324027
7000,8,8.070562
7000,8,8.130268
7000,8,8.168419
7000,8,8.272446
7000,8,8.125176
7000,8,8.125571
7000,8,8.163081
7500,8,9.360496
7500,8,9.420278
7500,8,9.463771
7500,8,9.301095
7500,8,9.244102
7500,8,9.519233
7500,8,9.334912
7500,8,9.419991
7500,8,9.286339
7500,8,9.487753
8000,8,10.825629
8000,8,10.558568
8000,8,10.708728
8000,8,10.835482
8000,8,10.484432
8000,8,10.717235
8000,8,10.618613
8000,8,10.515866
8000,8,10.597295
8000,8,10.715293
8500,8,12.097806
8500,8,11.961483
8500,8,12.064270
8500,8,12.079531
8500,8,12.087141
8500,8,12.107580
8500,8,11.884578
8500,8,11.999187
8500,8,12.109221
8500,8,11.959135
9000,8,13.623080
9000,8,13.844456
9000,8,13.485509
9000,8,13.241590
9000,8,13.596841
9000,8,13.524419
9000,8,13.320283
9000,8,13.715971
9000,8,13.285016
9000,8,13.560051
9500,8,15.284224
9500,8,14.706759
9500,8,15.314083
9500,8,14.781760
9500,8,15.096986
9500,8,14.939133
9500,8,14.932131
9500,8,15.249413
9500,8,14.847970
9500,8,14.789344
10000,8,16.555459
10000,8,16.869941
10000,8,16.708986
10000,8,16.793680
10000,8,16.876070
10000,8,16.607679
10000,8,16.729445
10000,8,16.690786
10000,8,16.881606
10000,8,16.398011
500,10,0.034800
500,10,0.035791
500,10,0.034933
500,10,0.035055
500,10,0.034542
500,10,0.033878
500,10,0.034067
500,10,0.033954
500,10,0.033791
500,10,0.034313
1000,10,0.133704
1000,10,0.132564
1000,10,0.305041
1000,10,0.133319
1000,10,0.129999
1000,10,0.133307
1000,10,0.129476
1000,10,0.269262
1000,10,0.311041
1000,10,0.310614
1500,10,0.315054
1500,10,0.295281
1500,10,0.300574
1500,10,1.158453
1500,10,0.300188
1500,10,0.516765
1500,10,0.382435
1500,10,0.388301
1500,10,0.328961
1500,10,1.154569
2000,10,0.511674
2000,10,1.263066
2000,10,1.266970
2000,10,1.271525
2000,10,0.607794
2000,10,0.520816
2000,10,0.744127
2000,10,1.263246
2000,10,0.528074
2000,10,0.510785
2500,10,1.405797
2500,10,1.396565
2500,10,0.867894
2500,10,1.387113
2500,10,1.388527
2500,10,0.845750
2500,10,1.405901
2500,10,0.953301
2500,10,0.928888
2500,10,0.818555
3000,10,1.632861
3000,10,1.188724
3000,10,1.722672
3000,10,1.618276
3000,10,1.662219
3000,10,1.204054
3000,10,1.437713
3000,10,1.206142
3000,10,2.099230
3000,10,1.601643
3500,10,1.641179
3500,10,1.623809
3500,10,2.001248
3500,10,1.754321
3500,10,1.681226
3500,10,1.659151
3500,10,1.878257
3500,10,1.629784
3500,10,1.631990
3500,10,2.039414
4000,10,2.614042
4000,10,2.082133
4000,10,2.163741
4000,10,2.167384
4000,10,2.183907
4000,10,2.473714
4000,10,2.167159
4000,10,2.183260
4000,10,2.138816
4000,10,2.526338
4500,10,2.727967
4500,10,3.006274
4500,10,2.990477
4500,10,2.772462
4500,10,2.631745
4500,10,2.657177
4500,10,3.520056
4500,10,2.628356
4500,10,2.857088
4500,10,2.593366
5000,10,3.210276
5000,10,3.319214
5000,10,3.269589
5000,10,3.269569
5000,10,3.231681
5000,10,3.578209
5000,10,3.834033
5000,10,3.351544
5000,10,3.234861
5000,10,3.334225
5500,10,4.075067
5500,10,4.402193
5500,10,3.959928
5500,10,3.912468
5500,10,4.324823
5500,10,4.084557
5500,10,3.970385
5500,10,4.637131
5500,10,4.495060
5500,10,3.990200
6000,10,4.872960
6000,10,4.553106
6000,10,4.677068
6000,10,4.922120
6000,10,5.074747
6000,10,5.067064
6000,10,5.500963
6000,10,4.821191
6000,10,4.715727
6000,10,4.621001
6500,10,5.499410
6500,10,5.735600
6500,10,5.655247
6500,10,5.493515
6500,10,5.429801
6500,10,5.474602
6500,10,5.660544
6500,10,5.498443
6500,10,5.370374
6500,10,5.403131
7000,10,6.540410
7000,10,6.386865
7000,10,6.801086
7000,10,6.406596
7000,10,6.867986
7000,10,6.494111
7000,10,6.671470
7000,10,7.932950
7000,10,6.325428
7000,10,6.579373
7500,10,7.280316
7500,10,8.516418
7500,10,7.281917
7500,10,8.257915
7500,10,7.557919
7500,10,7.309920
7500,10,7.503570
7500,10,7.663186
7500,10,7.246009
7500,10,7.336370
8000,10,8.436453
8000,10,8.375601
8000,10,8.493936
8000,10,8.515930
8000,10,8.450762
8000,10,8.264312
8000,10,8.186958
8000,10,8.662104
8000,10,8.758106
8000,10,8.271115
8500,10,9.542248
8500,10,9.476941
8500,10,9.556911
8500,10,9.691036
8500,10,9.513262
8500,10,9.799090
8500,10,9.654910
8500,10,9.458613
8500,10,9.327217
8500,10,9.612953
9000,10,10.741467
9000,10,10.524493
9000,10,10.677336
9000,10,10.801409
9000,10,10.454188
9000,10,10.745064
9000,10,10.458796
9000,10,10.937408
9000,10,11.189362
9000,10,10.600519
9500,10,11.950190
9500,10,12.240172
9500,10,11.754462
9500,10,11.948096
9500,10,11.732626
9500,10,11.644426
9500,10,11.875131
9500,10,11.927512
9500,10,12.054613
9500,10,11.946428
10000,10,12.916982
10000,10,12.913986
10000,10,13.160277
10000,10,13.196116
10000,10,13.277959
10000,10,13.086593
10000,10,13.064483
10000,10,13.232533
10000,10,13.451761
10000,10,13.580361
500,12,0.030802
500,12,0.028622
500,12,0.029049
500,12,0.029682
500,12,0.029813
500,12,0.028527
500,12,0.030356
500,12,0.029841
500,12,0.031063
500,12,0.029051
1000,12,0.268777
1000,12,0.270660
1000,12,0.265245
1000,12,0.266234
1000,12,0.306362
1000,12,0.263903
1000,12,1.053458
1000,12,0.110651
1000,12,0.266660
1000,12,0.272510
1500,12,0.289557
1500,12,1.119319
1500,12,1.115934
1500,12,0.446803
1500,12,0.327266
1500,12,0.452604
1500,12,0.291137
1500,12,0.485288
1500,12,0.452901
1500,12,0.331718
2000,12,0.519654
2000,12,1.408169
2000,12,1.206680
2000,12,0.495860
2000,12,1.207422
2000,12,1.198969
2000,12,0.514214
2000,12,1.206446
2000,12,1.200913
2000,12,0.466058
2500,12,0.842796
2500,12,1.306544
2500,12,1.317612
2500,12,0.748186
2500,12,1.315424
2500,12,0.750737
2500,12,1.307990
2500,12,0.788762
2500,12,1.343414
2500,12,0.822299
3000,12,1.453663
3000,12,1.455653
3000,12,1.453950
3000,12,1.445478
3000,12,1.188016
3000,12,1.095695
3000,12,1.064438
3000,12,0.963507
3000,12,1.006356
3000,12,1.086369
3500,12,1.525950
3500,12,1.762360
3500,12,1.506194
3500,12,1.700524
3500,12,1.719954
3500,12,1.710844
3500,12,1.783064
3500,12,1.798731
3500,12,1.422606
3500,12,1.404903
4000,12,2.119489
4000,12,1.714423
4000,12,2.097275
4000,12,1.870758
4000,12,2.177636
4000,12,1.951481
4000,12,1.956914
4000,12,1.806616
4000,12,1.721074
4000,12,1.778487
4500,12,2.482097
4500,12,2.552976
4500,12,2.563207
4500,12,2.490126
4500,12,2.566527
4500,12,2.355089
4500,12,2.127266
4500,12,2.493701
4500,12,2.474558
4500,12,2.175141
5000,12,2.937722
5000,12,2.760076
5000,12,2.835428
5000,12,2.652524
5000,12,2.988391
5000,12,2.984075
5000,12,2.889190
5000,12,2.693656
5000,12,3.244151
5000,12,2.887007
5500,12,3.719807
5500,12,3.377575
5500,12,3.659371
5500,12,3.978080
5500,12,3.368385
5500,12,3.455377
5500,12,3.391990
5500,12,3.558485
5500,12,3.502521
5500,12,3.660060
6000,12,4.088701
6000,12,4.131947
6000,12,3.977901
6000,12,4.021244
6000,12,4.204385
6000,12,4.078932
6000,12,4.064876
6000,12,4.113508
6000,12,4.113020
6000,12,4.043843
6500,12,4.770725
6500,12,4.815775
6500,12,4.729348
6500,12,4.621055
6500,12,4.796440
6500,12,4.664363
6500,12,4.666827
6500,12,4.637251
6500,12,5.288262
6500,12,4.620766
7000,12,5.476037
7000,12,5.343771
7000,12,5.309146
7000,12,5.713026
7000,12,5.591889
7000,12,5.265010
7000,12,5.380846
7000,12,5.459084
7000,12,5.307817
7000,12,5.700638
7500,12,6.253369
7500,12,6.241294
7500,12,6.390775
7500,12,6.302077
7500,12,6.163982
7500,12,6.297686
7500,12,6.190529
7500,12,5.945079
7500,12,6.034414
7500,12,6.183672
8000,12,6.932124
8000,12,6.936698
8000,12,7.167163
8000,12,7.611261
8000,12,7.137790
8000,12,6.740850
8000,12,7.371612
8000,12,7.308547
8000,12,6.925724
8000,12,7.241052
8500,12,7.615154
8500,12,8.699626
8500,12,7.828542
8500,12,7.820115
8500,12,7.884680
8500,12,7.774249
8500,12,8.118259
8500,12,8.043878
8500,12,8.115925
8500,12,8.200707
9000,12,9.154620
9000,12,10.342635
9000,12,8.915022
9000,12,9.044193
9000,12,9.615257
9000,12,9.096420
9000,12,9.104455
9000,12,8.859520
9000,12,8.969803
9000,12,8.889434
9500,12,10.114499
9500,12,10.073111
9500,12,10.440459
9500,12,10.055397
9500,12,9.993434
9500,12,9.858520
9500,12,10.139379
9500,12,10.074648
9500,12,10.404105
9500,12,10.132124
10000,12,12.520557
10000,12,10.739112
10000,12,10.748275
10000,12,10.972056
10000,12,11.347212
10000,12,11.089278
10000,12,11.440111
10000,12,10.755388
10000,12,11.075572
10000,12,10.841713
500,14,0.024454
500,14,0.025562
500,14,0.023916
500,14,0.027502
500,14,0.026240
500,14,0.026137
500,14,0.028091
500,14,0.026351
500,14,0.027869
500,14,0.026644
1000,14,0.268788
1000,14,0.264104
1000,14,1.053902
1000,14,0.270512
1000,14,0.263921
1000,14,0.263747
1000,14,1.047233
1000,14,0.249862
1000,14,0.293439
1000,14,0.256439
1500,14,0.317373
1500,14,0.101350
1500,14,1.104837
1500,14,1.106110
1500,14,1.103848
1500,14,0.103933
1500,14,1.098531
1500,14,1.106848
1500,14,0.056617
1500,14,0.310427
2000,14,0.445435
2000,14,1.181807
2000,14,0.538593
2000,14,1.174155
2000,14,1.180034
2000,14,0.583714
2000,14,1.195093
2000,14,1.173533
2000,14,0.435382
2000,14,1.184433
2500,14,1.294808
2500,14,1.298858
2500,14,1.269873
2500,14,0.436512
2500,14,1.279046
2500,14,1.275785
2500,14,1.258404
2500,14,1.265642
2500,14,0.749047
2500,14,1.299841
3000,14,0.887093
3000,14,1.289200
3000,14,1.374899
3000,14,1.594619
3000,14,1.168370
3000,14,1.189806
3000,14,1.386860
3000,14,1.427740
3000,14,1.081366
3000,14,1.028030
3500,14,1.518824
3500,14,1.332192
3500,14,1.261466
3500,14,1.558768
3500,14,1.630573
3500,14,1.697958
3500,14,1.600589
3500,14,1.746316
3500,14,1.720413
3500,14,1.772379
4000,14,1.852649
4000,14,1.809382
4000,14,1.926250
4000,14,1.962450
4000,14,1.952534
4000,14,1.796246
4000,14,1.464556
4000,14,1.844803
4000,14,1.565755
4000,14,1.645188
4500,14,2.204061
4500,14,2.001583
4500,14,2.315405
4500,14,2.219910
4500,14,2.239783
4500,14,2.397551
4500,14,2.266735
4500,14,1.978359
4500,14,2.197561
4500,14,2.312241
5000,14,2.571823
5000,14,2.387366
5000,14,3.330644
5000,14,2.867323
5000,14,2.684230
5000,14,2.766535
5000,14,2.688404
5000,14,2.801026
5000,14,2.880087
5000,14,2.503070
5500,14,2.690538
5500,14,3.002032
5500,14,2.851886
5500,14,3.306856
5500,14,2.893141
5500,14,3.065069
5500,14,2.860143
5500,14,3.466582
5500,14,3.157725
5500,14,2.749544
6000,14,3.229671
6000,14,3.538535
6000,14,3.677213
6000,14,3.742119
6000,14,3.646104
6000,14,3.475161
6000,14,3.588763
6000,14,3.846583
6000,14,3.807599
6000,14,3.575510
6500,14,3.932788
6500,14,4.216045
6500,14,4.285716
6500,14,4.170510
6500,14,5.173334
6500,14,4.502839
6500,14,4.070438
6500,14,4.199355
6500,14,4.359899
6500,14,3.876091
7000,14,5.181698
7000,14,4.805280
7000,14,4.754017
7000,14,4.605259
7000,14,4.838657
7000,14,5.322112
7000,14,4.438321
7000,14,4.715525
7000,14,4.680033
7000,14,4.904757
7500,14,5.564792
7500,14,5.273933
7500,14,5.507624
7500,14,5.438446
7500,14,5.161925
7500,14,5.672728
7500,14,5.546238
7500,14,5.560757
7500,14,5.754093
7500,14,5.390882
8000,14,6.220930
8000,14,6.062760
8000,14,6.088598
8000,14,6.278702
8000,14,6.541274
8000,14,6.549016
8000,14,6.166495
8000,14,6.352875
8000,14,6.301526
8000,14,6.263071
8500,14,7.286946
8500,14,7.105368
8500,14,7.474755
8500,14,6.956595
8500,14,6.655732
8500,14,6.764955
8500,14,7.034422
8500,14,7.102996
8500,14,7.063785
8500,14,6.638988
9000,14,7.645652
9000,14,8.054649
9000,14,8.047738
9000,14,7.697551
9000,14,8.816468
9000,14,7.773767
9000,14,8.191404
9000,14,7.952216
9000,14,7.641750
9000,14,7.870695
9500,14,8.404792
9500,14,8.878420
9500,14,9.440937
9500,14,8.648118
9500,14,8.636216
9500,14,8.817247
9500,14,9.353450
9500,14,8.821201
9500,14,8.903139
9500,14,8.961133
10000,14,10.031389
10000,14,10.478885
10000,14,9.184383
10000,14,9.516087
10000,14,9.660327
10000,14,9.107375
10000,14,10.050305
10000,14,9.942224
10000,14,9.412602
10000,14,9.647475
500,16,0.023794
500,16,0.024492
500,16,0.022897
500,16,0.024199
500,16,0.024332
500,16,0.025581
500,16,0.023904
500,16,0.023579
500,16,0.024163
500,16,0.024368
1000,16,1.039854
1000,16,0.257463
1000,16,1.040680
1000,16,0.267464
1000,16,0.272899
1000,16,0.266054
1000,16,0.244140
1000,16,0.244276
1000,16,0.462761
1000,16,0.262690
1500,16,0.295603
1500,16,1.086156
1500,16,0.378697
1500,16,1.092723
1500,16,0.463329
1500,16,1.087641
1500,16,0.296594
1500,16,0.276532
1500,16,0.296289
1500,16,0.472548
2000,16,0.514069
2000,16,0.555312
2000,16,0.526774
2000,16,1.159104
2000,16,0.510901
2000,16,1.150480
2000,16,0.503615
2000,16,0.531305
2000,16,1.157171
2000,16,0.539808
2500,16,0.895153
2500,16,0.609404
2500,16,0.724972
2500,16,0.689402
2500,16,0.729440
2500,16,1.238015
2500,16,0.706967
2500,16,0.823168
2500,16,0.760840
2500,16,1.236478
3000,16,1.206015
3000,16,0.909794
3000,16,1.348154
3000,16,1.018084
3000,16,1.341703
3000,16,1.340244
3000,16,1.037767
3000,16,1.355837
3000,16,0.950289
3000,16,1.093091
3500,16,1.446680
3500,16,1.474305
3500,16,1.454037
3500,16,1.440457
3500,16,1.105146
3500,16,1.482089
3500,16,1.217273
3500,16,1.453121
3500,16,1.428992
3500,16,1.484547
4000,16,1.845630
4000,16,1.992056
4000,16,1.564539
4000,16,1.935637
4000,16,1.635826
4000,16,1.722434
4000,16,1.722378
4000,16,1.497067
4000,16,1.802299
4000,16,1.873479
4500,16,2.229914
4500,16,2.036843
4500,16,2.102188
4500,16,2.108089
4500,16,1.882435
4500,16,2.086012
4500,16,2.133415
4500,16,1.954560
4500,16,2.074834
4500,16,2.034437
5000,16,2.217840
5000,16,2.236671
5000,16,2.411258
5000,16,2.838244
5000,16,2.632727
5000,16,2.497240
5000,16,2.404853
5000,16,2.859870
5000,16,2.672786
5000,16,2.305524
5500,16,2.943460
5500,16,2.936611
5500,16,2.859903
5500,16,3.122759
5500,16,2.887794
5500,16,3.079363
5500,16,2.858280
5500,16,2.875202
5500,16,3.169325
5500,16,2.931622
6000,16,3.577328
6000,16,3.884200
6000,16,3.777986
6000,16,3.307986
6000,16,3.392169
6000,16,3.201839
6000,16,3.548542
6000,16,3.422297
6000,16,3.222847
6000,16,3.374403
6500,16,3.969871
6500,16,3.875999
6500,16,3.860318
6500,16,4.006463
6500,16,4.198973
6500,16,4.418101
6500,16,4.085113
6500,16,4.179117
6500,16,3.965902
6500,16,3.855473
7000,16,4.697899
7000,16,4.490584
7000,16,4.549623
7000,16,4.523979
7000,16,4.913451
7000,16,4.411463
7000,16,4.671607
7000,16,4.946805
7000,16,4.393965
7000,16,5.212374
7500,16,5.311945
7500,16,5.146336
7500,16,5.143203
7500,16,5.034124
7500,16,5.463684
7500,16,5.392756
7500,16,5.504306
7500,16,5.463589
7500,16,5.253392
7500,16,5.159895
8000,16,6.035216
8000,16,5.872344
8000,16,5.830952
8000,16,5.781204
8000,16,5.942379
8000,16,6.011035
8000,16,5.824412
8000,16,5.896646
8000,16,6.171342
8000,16,5.982269
8500,16,6.531764
8500,16,6.853759
8500,16,6.565507
8500,16,6.524045
8500,16,6.881004
8500,16,6.774634
8500,16,6.983767
8500,16,6.628685
8500,16,6.683624
8500,16,6.657263
9000,16,7.351465
9000,16,7.687206
9000,16,7.705353
9000,16,7.320010
9000,16,7.589830
9000,16,7.745557
9000,16,7.576944
9000,16,7.721654
9000,16,7.917037
9000,16,7.188133
9500,16,8.367414
9500,16,8.005355
9500,16,8.473566
9500,16,8.385701
9500,16,8.070362
9500,16,8.406801
9500,16,8.402800
9500,16,8.608715
9500,16,8.132836
9500,16,8.222784
10000,16,9.740047
10000,16,9.624507
10000,16,9.589754
10000,16,9.483743
10000,16,9.612058
10000,16,9.441793
10000,16,8.963572
10000,16,9.793549
10000,16,9.493563
10000,16,9.367090
500,18,0.024023
500,18,0.024002
500,18,0.023643
500,18,0.023317
500,18,0.023944
500,18,0.021719
500,18,0.023268
500,18,0.025207
500,18,0.024615
500,18,0.265632
1000,18,0.277054
1000,18,1.038078
1000,18,1.036863
1000,18,0.263794
1000,18,0.266002
1000,18,1.034123
1000,18,0.257219
1000,18,1.036573
1000,18,0.278879
1000,18,0.227451
1500,18,1.080596
1500,18,1.083323
1500,18,1.150394
1500,18,1.372505
1500,18,0.302995
1500,18,1.075808
1500,18,1.119356
1500,18,1.079854
1500,18,0.485760
1500,18,1.080488
2000,18,1.148500
2000,18,0.540026
2000,18,1.138835
2000,18,1.147937
2000,18,1.265903
2000,18,1.130209
2000,18,1.131767
2000,18,1.277383
2000,18,1.129734
2000,18,1.128832
2500,18,1.238922
2500,18,1.230762
2500,18,1.244809
2500,18,1.220208
2500,18,1.200158
2500,18,1.217539
2500,18,1.417651
2500,18,1.240082
2500,18,1.211786
2500,18,1.213257
3000,18,1.313761
3000,18,1.644257
3000,18,1.296918
3000,18,1.296942
3000,18,1.343537
3000,18,1.313684
3000,18,1.790953
3000,18,1.297540
3000,18,1.295653
3000,18,1.303130
3500,18,1.423646
3500,18,1.778549
3500,18,1.393544
3500,18,1.424811
3500,18,1.051824
3500,18,1.322026
3500,18,1.472336
3500,18,1.401873
3500,18,1.786206
3500,18,1.352164
4000,18,1.709848
4000,18,1.510971
4000,18,1.365474
4000,18,1.741891
4000,18,1.769252
4000,18,1.772755
4000,18,1.307971
4000,18,1.743072
4000,18,1.692614
4000,18,1.693139
4500,18,1.915545
4500,18,2.305724
4500,18,1.807436
4500,18,1.940766
4500,18,2.164612
4500,18,2.004139
4500,18,2.249087
4500,18,2.438322
4500,18,1.931878
4500,18,1.989098
5000,18,3.846162
5000,18,2.262909
5000,18,2.167280
5000,18,2.572849
5000,18,3.012956
5000,18,2.271925
5000,18,2.596555
5000,18,2.228095
5000,18,2.160397
5000,18,2.219871
5500,18,2.658147
5500,18,5.092085
5500,18,2.964987
5500,18,2.685823
5500,18,2.564022
5500,18,2.624037
5500,18,2.731707
5500,18,2.557511
5500,18,2.540143
5500,18,2.672313
6000,18,3.051536
6000,18,3.423317
6000,18,3.416364
6000,18,3.234430
6000,18,3.266142
6000,18,3.481457
6000,18,3.358341
6000,18,3.304258
6000,18,3.724179
6000,18,3.131564
6500,18,4.138237
6500,18,3.705944
6500,18,3.928414
6500,18,3.784725
6500,18,3.962276
6500,18,3.774390
6500,18,3.624449
6500,18,3.610093
6500,18,3.802496
6500,18,3.720766
7000,18,4.011690
7000,18,4.314683
7000,18,4.571739
7000,18,4.259693
7000,18,4.679195
7000,18,6.322937
7000,18,5.132059
7000,18,4.546546
7000,18,3.870983
7000,18,4.348811
7500,18,4.995792
7500,18,4.656110
7500,18,5.386823
7500,18,4.779774
7500,18,4.999466
7500,18,4.828749
7500,18,5.176665
7500,18,4.862535
7500,18,5.061243
7500,18,4.791250
8000,18,5.835476
8000,18,6.159611
8000,18,5.458450
8000,18,5.615527
8000,18,5.820596
8000,18,6.032286
8000,18,5.410828
8000,18,5.306147
8000,18,5.232042
8000,18,5.326943
8500,18,6.422379
8500,18,6.754161
8500,18,6.541192
8500,18,6.031773
8500,18,6.064677
8500,18,6.154408
8500,18,6.360794
8500,18,6.952983
8500,18,5.964719
8500,18,6.039206
9000,18,6.621038
9000,18,7.077505
9000,18,7.273464
9000,18,6.991162
9000,18,6.962915
9000,18,6.900339
9000,18,7.394951
9000,18,7.155872
9000,18,7.335701
9000,18,6.707033
9500,18,7.877276
9500,18,7.837443
9500,18,8.023126
9500,18,7.546153
9500,18,7.877950
9500,18,7.928499
9500,18,7.539506
9500,18,7.736217
9500,18,7.422314
9500,18,7.782714
10000,18,8.507559
10000,18,8.626693
10000,18,9.159856
10000,18,8.453685
10000,18,8.369541
10000,18,9.048380
10000,18,9.139482
10000,18,9.081554
10000,18,8.340102
10000,18,8.672433
500,20,0.270371
500,20,0.464338
500,20,0.024194
500,20,0.466032
500,20,0.263697
500,20,0.024070
500,20,0.264864
500,20,0.265080
500,20,0.267572
500,20,0.263763
1000,20,1.034522
1000,20,1.035819
1000,20,1.034862
1000,20,0.257996
1000,20,0.269153
1000,20,0.264121
1000,20,0.272712
1000,20,0.258284
1000,20,1.033885
1000,20,0.268629
1500,20,1.079053
1500,20,0.347875
1500,20,0.470976
1500,20,1.079328
1500,20,0.491863
1500,20,1.071066
1500,20,0.493434
1500,20,1.070462
1500,20,1.074669
1500,20,1.077922
2000,20,1.127847
2000,20,1.117337
2000,20,0.689487
2000,20,1.124318
2000,20,0.509745
2000,20,1.114560
2000,20,1.121102
2000,20,0.656426
2000,20,1.127319
2000,20,0.531327
2500,20,1.186323
2500,20,1.198015
2500,20,0.733722
2500,20,0.690832
2500,20,1.205801
2500,20,1.196340
2500,20,1.193043
2500,20,1.191747
2500,20,1.192389
2500,20,1.188631
3000,20,1.256812
3000,20,1.273940
3000,20,1.392138
3000,20,1.279201
3000,20,0.838492
3000,20,1.263976
3000,20,1.279920
3000,20,1.332250
3000,20,1.000759
3000,20,1.291099
3500,20,1.119290
3500,20,1.119500
3500,20,1.490799
3500,20,1.373258
3500,20,1.373390
3500,20,1.392888
3500,20,1.371945
3500,20,1.285073
3500,20,1.225651
3500,20,1.358509
4000,20,1.395240
4000,20,1.464137
4000,20,1.362295
4000,20,1.602886
4000,20,1.366589
4000,20,1.370796
4000,20,1.627848
4000,20,1.778028
4000,20,1.472282
4000,20,1.720710
4500,20,2.097944
4500,20,2.036548
4500,20,1.924127
4500,20,2.160454
4500,20,2.164021
4500,20,2.005469
4500,20,1.981365
4500,20,1.878702
4500,20,1.865959
4500,20,2.093602
5000,20,2.284879
5000,20,2.049197
5000,20,2.194473
5000,20,2.322225
5000,20,2.177929
5000,20,2.193719
5000,20,2.111082
5000,20,2.000941
5000,20,2.296022
5000,20,2.142943
5500,20,2.451611
5500,20,2.503709
5500,20,2.677774
5500,20,2.672377
5500,20,2.427692
5500,20,2.474664
5500,20,2.517116
5500,20,2.599320
5500,20,2.477392
5500,20,2.608512
6000,20,3.158855
6000,20,2.921004
6000,20,3.317645
6000,20,2.946717
6000,20,2.894389
6000,20,2.886846
6000,20,2.841714
6000,20,3.118400
6000,20,3.164685
6000,20,3.542011
6500,20,3.603562
6500,20,3.380015
6500,20,3.610435
6500,20,3.811060
6500,20,3.597039
6500,20,3.464301
6500,20,3.401757
6500,20,4.024918
6500,20,3.795608
6500,20,3.439461
7000,20,4.821156
7000,20,4.252728
7000,20,4.490260
7000,20,3.967874
7000,20,4.181460
7000,20,4.323287
7000,20,4.247922
7000,20,3.929277
7000,20,4.212771
7000,20,4.291908
7500,20,4.461317
7500,20,4.561796
7500,20,4.934344
7500,20,4.971293
7500,20,4.583724
7500,20,5.385224
7500,20,4.543723
7500,20,4.598432
7500,20,4.688995
7500,20,4.648136
8000,20,5.096214
8000,20,5.335625
8000,20,5.167737
8000,20,5.089447
8000,20,4.982825
8000,20,5.016186
8000,20,5.196209
8000,20,5.061991
8000,20,5.579821
8000,20,5.647727
8500,20,5.884082
8500,20,5.819740
8500,20,5.692208
8500,20,5.949214
8500,20,5.997392
8500,20,5.896479
8500,20,5.717868
8500,20,5.644222
8500,20,5.962752
8500,20,5.793034
9000,20,6.984918
9000,20,6.446934
9000,20,6.386830
9000,20,6.593359
9000,20,6.791814
9000,20,7.064484
9000,20,6.584523
9000,20,6.451002
9000,20,6.755695
9000,20,6.329384
9500,20,7.182661
9500,20,7.516000
9500,20,7.379943
9500,20,7.181236
9500,20,7.210608
9500,20,7.663251
9500,20,7.660165
9500,20,7.661024
9500,20,7.221043
9500,20,7.360484
10000,20,8.168828
10000,20,8.025573
10000,20,7.804446
10000,20,7.946651
10000,20,7.813329
10000,20,7.908502
10000,20,8.702159
10000,20,8.030504
10000,20,8.305700
10000,20,8.613832
10000,20,7.969077
